50 100
6 12 -27
19 24 77
17 40 -49
42 44 93
15 16 41
4 38 16
5 43 15
41 45 -99
21 25 -40
10 31 -1
4 34 52
6 44 97
4 12 24
3 13 -7
8 11 -50
18 31 -28
24 31 48
15 23 44
20 37 5
10 17 80
17 46 12
19 21 24
12 23 19
4 30 -93
36 38 -54
20 49 25
15 30 23
13 17 85
11 17 16
9 13 -92
8 38 35
10 41 -36
6 32 73
23 37 63
1 29 -35
5 49 -25
17 24 -22
8 21 -13
4 32 66
3 37 -39
3 18 64
2 33 -62
32 43 -30
21 43 -26
14 45 -7
7 27 22
34 37 8
12 14 -19
43 44 -85
4 7 -31
18 37 -86
9 17 -5
24 27 41
3 39 31
14 47 -54
37 38 45
10 26 46
8 48 43
18 39 -14
8 32 -14
15 49 -25
7 40 -86
1 25 87
8 34 99
27 44 -97
2 17 85
25 32 -98
4 16 -80
17 36 -87
42 45 26
28 30 83
27 45 -23
2 43 -88
10 39 -88
3 46 63
13 29 -59
2 38 9
23 25 -44
1 48 89
7 43 46
32 47 -52
15 39 -74
7 36 63
19 34 -57
20 33 -46
26 28 27
17 38 -80
18 30 18
26 42 -72
46 49 66
30 42 75
35 40 90
11 23 86
16 19 -10
10 49 48
6 25 -35
34 40 -72
12 17 64
22 29 23
1 43 -49