500 1000
1 2 42
2 3 18468
3 4 6335
4 5 26501
5 6 19170
6 7 15725
7 8 11479
8 9 29359
9 10 26963
10 11 24465
11 12 5706
12 13 28146
13 14 23282
14 15 16828
15 16 9962
16 17 492
17 18 2996
18 19 11943
19 20 4828
20 21 5437
21 22 32392
22 23 14605
23 24 3903
24 25 154
25 26 293
26 27 12383
27 28 17422
28 29 18717
29 30 19719
30 31 19896
31 32 5448
32 33 21727
33 34 14772
34 35 11539
35 36 1870
36 37 19913
37 38 25668
38 39 26300
39 40 17036
40 41 9895
41 42 28704
42 43 23812
43 44 31323
44 45 30334
45 46 17674
46 47 4665
47 48 15142
48 49 7712
49 50 28254
50 51 6869
51 52 25548
52 53 27645
53 54 32663
54 55 32758
55 56 20038
56 57 12860
57 58 8724
58 59 9742
59 60 27530
60 61 779
61 62 12317
62 63 3036
63 64 22191
64 65 1843
65 66 289
66 67 30107
67 68 9041
68 69 8943
69 70 19265
70 71 22649
71 72 27447
72 73 23806
73 74 15891
74 75 6730
75 76 24371
76 77 15351
77 78 15007
78 79 31102
79 80 24394
80 81 3549
81 82 19630
82 83 12624
83 84 24085
84 85 19955
85 86 18757
86 87 11841
87 88 4967
88 89 7377
89 90 13932
90 91 26309
91 92 16945
92 93 32440
93 94 24627
94 95 11324
95 96 5538
96 97 21539
97 98 16119
98 99 2083
99 100 22930
100 101 16542
101 102 4834
102 103 31116
103 104 4640
104 105 29659
105 106 22705
106 107 9931
107 108 13978
108 109 2307
109 110 31674
110 111 22387
111 112 5022
112 113 28746
113 114 26925
114 115 19073
115 116 6271
116 117 5830
117 118 26778
118 119 15574
119 120 5098
120 121 16513
121 122 23987
122 123 13291
123 124 9162
124 125 18637
125 126 22356
126 127 24768
127 128 23656
128 129 15575
129 130 4032
130 131 12053
131 132 27351
132 133 1151
133 134 16942
134 135 21725
135 136 13967
136 137 3431
137 138 31108
138 139 30192
139 140 18008
140 141 11338
141 142 15458
142 143 12288
143 144 27754
144 145 10384
145 146 14946
146 147 8910
147 148 32210
148 149 9759
149 150 24222
150 151 18589
151 152 6423
152 153 24947
153 154 27507
154 155 13031
155 156 16414
156 157 29169
157 158 901
158 159 32592
159 160 18763
160 161 1656
161 162 17411
162 163 6360
163 164 27625
164 165 20538
165 166 21549
166 167 6484
167 168 27596
168 169 4042
169 170 3603
170 171 24351
171 172 10292
172 173 30837
173 174 9375
174 175 11021
175 176 4597
176 177 24022
177 178 27349
178 179 23200
179 180 19669
180 181 24485
181 182 8282
182 183 4735
183 184 54
184 185 2000
185 186 26419
186 187 27939
187 188 6901
188 189 3789
189 190 18128
190 191 468
191 192 3729
192 193 14894
193 194 24649
194 195 22484
195 196 17808
196 197 2422
197 198 14311
198 199 6618
199 200 22814
200 201 9515
201 202 14310
202 203 7617
203 204 18936
204 205 17452
205 206 20601
206 207 5250
207 208 16520
208 209 31557
209 210 22799
210 211 30304
211 212 6225
212 213 11009
213 214 5845
214 215 32610
215 216 14990
216 217 32703
217 218 3196
218 219 20486
219 220 3094
220 221 14344
221 222 30524
222 223 1588
223 224 29315
224 225 9504
225 226 7449
226 227 25201
227 228 13459
228 229 6619
229 230 20581
230 231 19797
231 232 14799
232 233 15282
233 234 19590
234 235 20799
235 236 28010
236 237 27158
237 238 20473
238 239 23623
239 240 18539
240 241 12293
241 242 6039
242 243 24180
243 244 18191
244 245 29658
245 246 7959
246 247 6192
247 248 19816
248 249 22889
249 250 19157
250 251 11512
251 252 16203
252 253 2635
253 254 24273
254 255 20056
255 256 20329
256 257 22647
257 258 26363
258 259 4887
259 260 18876
260 261 28434
261 262 29870
262 263 20143
263 264 23845
264 265 1417
265 266 21882
266 267 31999
267 268 10323
268 269 18652
269 270 10022
270 271 5700
271 272 3558
272 273 28477
273 274 27893
274 275 24390
275 276 5076
276 277 10713
277 278 2601
278 279 2511
279 280 21004
280 281 26870
281 282 17862
282 283 14689
283 284 13402
284 285 9790
285 286 15256
286 287 16424
287 288 5003
288 289 10586
289 290 24183
290 291 10286
291 292 27089
292 293 31427
293 294 28618
294 295 23758
295 296 9833
296 297 30933
297 298 4170
298 299 2155
299 300 25722
300 301 17190
301 302 19977
302 303 31330
303 304 2369
304 305 28693
305 306 21426
306 307 10556
307 308 3435
308 309 16550
309 310 7442
310 311 9513
311 312 30146
312 313 18061
313 314 21719
314 315 3754
315 316 16140
316 317 12424
317 318 16280
318 319 25997
319 320 16688
320 321 12530
321 322 22550
322 323 17438
323 324 19867
324 325 12950
325 326 194
326 327 23196
327 328 3298
328 329 20417
329 330 28287
330 331 16106
331 332 24489
332 333 16283
333 334 12456
334 335 25735
335 336 18115
336 337 11702
337 338 31317
338 339 20672
339 340 5787
340 341 12264
341 342 4314
342 343 24356
343 344 31186
344 345 20054
345 346 913
346 347 10809
347 348 1833
348 349 20946
349 350 4314
350 351 27757
351 352 28322
352 353 19559
353 354 23647
354 355 27983
355 356 482
356 357 4145
357 358 23197
358 359 20223
359 360 7130
360 361 2162
361 362 5536
362 363 20451
363 364 11174
364 365 10467
365 366 12045
366 367 21660
367 368 26293
368 369 26440
369 370 17254
370 371 20025
371 372 26155
372 373 29511
373 374 4746
374 375 20650
375 376 13187
376 377 8314
377 378 4475
378 379 28023
379 380 2169
380 381 14019
381 382 18788
382 383 9906
383 384 17959
384 385 7392
385 386 10203
386 387 3626
387 388 26478
388 389 4415
389 390 9315
390 391 25825
391 392 29335
392 393 25875
393 394 24373
394 395 20160
395 396 11834
396 397 28071
397 398 7488
398 399 28298
399 400 7519
400 401 8178
401 402 17774
402 403 32271
403 404 1764
404 405 2669
405 406 17193
406 407 13986
407 408 3103
408 409 8481
409 410 29214
410 411 7628
411 412 4803
412 413 4100
413 414 30528
414 415 2626
415 416 1544
416 417 1925
417 418 11024
418 419 29973
419 420 13062
420 421 14182
421 422 31004
422 423 27433
423 424 17506
424 425 27594
425 426 22726
426 427 13032
427 428 8493
428 429 143
429 430 17223
430 431 31287
431 432 13065
432 433 7901
433 434 19188
434 435 8361
435 436 22414
436 437 30975
437 438 14271
438 439 29171
439 440 236
440 441 30834
441 442 19712
442 443 25761
443 444 18897
444 445 4668
445 446 7286
446 447 12551
447 448 141
448 449 13695
449 450 2696
450 451 21625
451 452 28020
452 453 2126
453 454 26577
454 455 21695
455 456 22659
456 457 26303
457 458 17372
458 459 22467
459 460 4679
460 461 22594
461 462 23852
462 463 25485
463 464 1019
464 465 28465
465 466 21120
466 467 23153
467 468 2801
468 469 18088
469 470 31061
470 471 1927
471 472 9011
472 473 4758
473 474 32171
474 475 20316
475 476 9577
476 477 30228
477 478 12044
478 479 22759
479 480 7165
480 481 5110
481 482 7883
482 483 17087
483 484 29566
484 485 3488
485 486 29578
486 487 14475
487 488 2626
488 489 25628
489 490 5630
490 491 31929
491 492 25424
492 493 28521
493 494 6903
494 495 14963
495 496 124
496 497 24597
497 498 3738
498 499 13262
499 500 10196
500 1 32526
265 261 6203
117 31 20327
12 272 6412
48 154 21521
291 425 30189
264 441 20852
163 330 30901
214 459 17579
366 8 11478
201 59 6440
304 261 19358
325 478 5109
114 388 19802
351 461 22429
494 385 19406
41 112 28705
336 357 6073
351 324 14486
57 217 1627
358 27 13358
338 272 23870
362 397 13023
118 113 12718
197 86 24042
424 130 24230
66 60 8933
297 356 12054
463 85 29735
155 473 21458
370 33 2964
108 484 912
136 68 22849
176 439 2224
143 255 6512
242 176 21460
326 222 17871
127 435 15206
284 351 17399
280 202 12194
235 138 26535
57 494 10177
206 463 10549
382 301 14414
142 356 24856
143 463 27612
378 425 32679
253 444 28297
174 41 9314
376 73 12819
111 18 14933
113 196 13170
332 41 26489
186 91 19498
90 491 15146
354 315 18652
241 45 11259
336 260 11193
106 265 12182
4 330 23776
109 293 5998
50 57 25562
128 468 29542
130 241 27814
175 102 6078
216 184 8214
493 325 5602
393 260 2671
429 28 4085
76 287 15499
471 288 23848
105 4 21222
164 207 2364
11 172 27490
241 165 25543
120 414 7592
205 319 9233
251 206 4976
40 304 11423
99 248 13585
149 472 17865
414 76 21546
213 47 18679
270 263 8520
486 290 15945
366 41 23246
9 319 27871
102 324 21133
473 153 25088
71 264 29902
104 424 3528
101 470 14016
66 29 21544
348 89 2944
138 410 26464
50 182 1589
343 109 32061
222 259 29955
389 147 691
450 344 21431
121 249 27068
37 284 18036
227 186 7039
354 130 11225
249 424 3360
258 267 4945
456 319 32727
412 26 20356
2 50 9497
85 16 17965
343 76 17914
143 197 21949
73 427 14607
174 430 32405
206 127 29813
376 94 16566
37 237 29142
315 495 8257
153 437 30839
483 356 21016
132 231 17842
126 12 32638
187 191 1651
163 135 10894
354 417 13453
9 263 22234
455 304 16635
304 257 149
125 318 4214
110 29 29201
81 319 16859
51 156 31362
265 404 3677
144 410 14903
62 490 24949
283 154 30675
221 403 6924
332 370 3879
260 9 22620
472 4 21946
282 5 12393
186 314 6699
90 223 5939
38 411 31462
235 9 9962
460 494 1516
270 438 28870
59 201 13972
265 118 16216
56 316 18331
40 213 29289
83 455 16086
211 485 24775
381 316 25952
42 116 1680
111 399 23074
289 478 18133
457 190 26114
9 442 15791
224 364 29
185 279 7201
72 386 21975
72 334 22868
154 296 32169
326 177 15630
151 99 3310
194 187 30081
117 250 26668
29 180 7865
422 406 8827
317 17 27727
167 88 27682
465 341 5687
22 163 14722
65 310 20416
403 374 17125
442 246 31763
424 32 4807
269 319 5603
408 308 23482
13 137 26631
115 310 4085
57 291 21294
497 153 1055
346 209 249
492 213 5132
115 440 7959
223 205 6996
53 270 7480
239 424 27919
367 160 32499
487 197 7463
134 159 12023
147 393 13038
426 148 29459
103 308 4099
331 293 14601
279 300 18353
449 383 541
316 76 8763
68 337 18398
419 398 25829
352 317 24231
450 426 659
230 21 10941
61 148 25163
156 176 793
362 255 16399
147 215 26947
189 70 8639
164 76 24516
22 476 15616
29 235 12571
406 465 19558
463 162 30525
50 470 331
424 351 14334
426 411 19738
394 137 30715
165 92 19950
136 6 13338
5 338 2624
165 471 25609
69 282 7086
153 374 28653
195 377 23827
397 73 6250
141 175 18820
444 112 1942
290 420 5566
306 86 16217
451 116 2610
65 167 16894
75 10 30301
196 74 15590
162 173 17969
359 32 26269
427 11 10423
275 280 30911
53 183 25392
496 265 875
365 403 28256
461 475 6973
322 123 25548
78 290 25606
196 95 7951
344 255 2482
13 173 23440
429 413 9763
468 409 4416
409 224 11760
435 205 29487
320 459 5946
307 167 18701
368 193 21788
33 57 30975
448 22 18284
223 332 2377
84 449 12724
483 19 14777
221 112 32183
357 491 8926
325 487 19678
470 144 7535
178 169 31069
492 197 7784
329 228 29427
372 198 17613
204 28 11409
46 9 7186
239 238 26444
314 2 8851
129 112 23651
150 193 1455
370 182 27466
268 214 19794
135 473 20973
331 402 28443
178 378 25771
203 365 1382
91 324 2238
24 180 16596
170 328 12043
311 183 11059
427 488 1671
29 152 2259
214 361 25784
287 243 8611
473 129 18435
342 219 3504
368 366 10939
382 258 22751
115 99 28459
162 64 32757
308 279 19490
436 366 32076
87 387 7834
361 331 26049
429 493 12434
341 267 1736
311 100 11838
393 483 7329
353 370 31245
295 109 9253
148 433 9536
209 265 3498
244 150 22016
342 190 16101
313 149 9524
352 475 28634
392 201 19855
491 198 4920
281 79 12932
45 341 13488
400 26 8484
39 493 6194
253 12 1561
335 341 31498
286 30 31541
306 292 13393
211 50 21579
480 472 9278
74 194 1621
498 327 31277
291 83 13579
160 419 26490
160 450 12925
73 381 27009
468 209 6478
4 371 32608
197 75 13723
112 20 28762
57 391 31164
184 217 19933
453 242 4955
314 363 10397
461 116 10905
100 137 4681
199 33 14388
85 241 3518
7 171 242
383 250 3524
259 106 29622
96 297 9917
179 179 13580
59 78 12751
8 230 24082
496 179 24677
254 400 11785
66 94 13609
173 244 29930
15 169 5056
192 474 8923
249 152 10987
145 447 31578
18 130 29917
375 292 15470
413 147 30694
92 316 26950
358 141 26053
237 52 9488
227 163 16956
184 395 30181
98 66 27066
14 262 12579
79 379 14141
112 448 2446
171 476 13490
251 150 3334
366 215 17283
8 433 8897
368 23 4883
311 142 7232
188 206 6480
322 39 31352
448 209 9647
277 260 30190
423 167 8487
456 29 29615
361 254 11778
349 4 10862
432 83 12456
198 107 8753
322 297 26282
22 456 15948
125 319 9136
377 275 29860
499 75 9254
423 136 1644
389 154 13233
248 181 19927
179 451 14802
462 200 20856
364 217 10574
62 246 6474
275 51 24354
182 288 2700
111 144 17466
173 30 9982
113 477 4382
248 391 16672
306 373 30033
490 321 23166
432 159 11294
207 79 16949
207 172 18167
397 198 31021
195 30 14789
110 485 11970
479 118 4016
127 185 9169
407 429 12098
119 391 15200
286 487 19200
421 211 18272
314 416 6086
319 81 1332
268 388 13445
187 8 4361
328 75 26432
153 272 10269
194 386 338
312 105 12678
407 269 29023
414 1 543
356 290 31648
182 94 16585
488 262 20494
218 2 17483
448 166 10754
105 85 19096
26 222 3965
282 373 8107
157 344 22594
81 81 14869
412 214 20969
252 217 12080
269 41 31532
434 280 20664
260 154 27937
96 366 11875
221 336 25681
477 456 5726
72 309 13560
157 103 17833
406 441 7376
63 386 21963
81 337 10798
203 9 10081
341 77 9059
494 241 8547
475 274 19098
381 336 11073
401 208 22956
167 142 23589
482 169 28316
397 226 1010
263 44 743
22 423 24513
249 19 27369
218 215 17651
291 336 12760
170 396 5304
141 480 24200
106 292 18662
182 153 8754
34 30 15988
43 254 20084
421 315 32719
245 64 7230
153 365 4770
471 6 21048
95 488 24327
277 324 6541
180 491 32589
211 272 17946
222 471 20184
90 456 4979
280 7 13263
136 488 27197
34 89 12936
280 494 14791
463 466 11002
106 308 24568
170 135 32672
458 499 3546
98 219 8839
345 373 8564
29 265 28802
224 491 7605
102 228 11198
193 272 20364
302 364 7722
66 422 23446
111 496 16742
23 313 29152
16 56 3394
239 280 19883
109 155 3823
208 246 1339
145 291 31340
