100 5000
1 2 42
2 3 18468
3 4 6335
4 5 26501
5 6 19170
6 7 15725
7 8 11479
8 9 29359
9 10 26963
10 11 24465
11 12 5706
12 13 28146
13 14 23282
14 15 16828
15 16 9962
16 17 492
17 18 2996
18 19 11943
19 20 4828
20 21 5437
21 22 32392
22 23 14605
23 24 3903
24 25 154
25 26 293
26 27 12383
27 28 17422
28 29 18717
29 30 19719
30 31 19896
31 32 5448
32 33 21727
33 34 14772
34 35 11539
35 36 1870
36 37 19913
37 38 25668
38 39 26300
39 40 17036
40 41 9895
41 42 28704
42 43 23812
43 44 31323
44 45 30334
45 46 17674
46 47 4665
47 48 15142
48 49 7712
49 50 28254
50 51 6869
51 52 25548
52 53 27645
53 54 32663
54 55 32758
55 56 20038
56 57 12860
57 58 8724
58 59 9742
59 60 27530
60 61 779
61 62 12317
62 63 3036
63 64 22191
64 65 1843
65 66 289
66 67 30107
67 68 9041
68 69 8943
69 70 19265
70 71 22649
71 72 27447
72 73 23806
73 74 15891
74 75 6730
75 76 24371
76 77 15351
77 78 15007
78 79 31102
79 80 24394
80 81 3549
81 82 19630
82 83 12624
83 84 24085
84 85 19955
85 86 18757
86 87 11841
87 88 4967
88 89 7377
89 90 13932
90 91 26309
91 92 16945
92 93 32440
93 94 24627
94 95 11324
95 96 5538
96 97 21539
97 98 16119
98 99 2083
99 100 22930
100 1 16542
34 16 4640
59 5 9931
78 7 31674
87 22 28746
25 73 6271
30 78 15574
98 13 23987
91 62 18637
56 68 23656
75 32 12053
51 51 16942
25 67 3431
8 92 18008
38 58 12288
54 84 14946
10 10 9759
22 89 6423
47 7 13031
14 69 901
92 63 1656
11 60 27625
38 49 6484
96 42 3603
51 92 30837
75 21 4597
22 49 23200
69 85 8282
35 54 2000
19 39 6901
89 28 468
29 94 24649
84 8 2422
11 18 22814
15 10 7617
36 52 20601
50 20 31557
99 4 6225
9 45 32610
90 3 3196
86 94 14344
24 88 29315
4 49 25201
59 19 20581
97 99 15282
90 99 28010
58 73 23623
39 93 6039
80 91 29658
59 92 19816
89 57 11512
3 35 24273
56 29 22647
63 87 18876
34 70 20143
45 17 21882
99 23 18652
22 100 3558
77 93 24390
76 13 2601
11 4 26870
62 89 13402
90 56 16424
3 86 24183
86 89 31427
18 58 9833
33 70 2155
22 90 19977
30 69 28693
26 56 3435
50 42 9513
46 61 21719
54 40 12424
80 97 16688
30 50 17438
67 50 194
96 98 20417
87 6 24489
83 56 25735
15 2 31317
72 87 12264
14 56 31186
54 13 10809
33 46 4314
57 22 19559
47 83 482
45 97 20223
30 62 5536
51 74 10467
45 60 26293
40 54 20025
55 11 4746
50 87 8314
75 23 2169
19 88 9906
26 78 4415
15 25 29335
75 73 20160
34 71 7488
98 19 8178
74 71 1764
69 93 13986
3 81 29214
28 3 4100
28 26 1544
25 24 29973
62 82 31004
33 6 27594
26 32 8493
43 23 31287
65 1 19188
61 14 30975
71 71 236
34 12 25761
97 68 7286
51 41 13695
96 25 28020
26 77 21695
59 3 17372
67 79 22594
52 85 1019
65 20 23153
1 88 31061
27 11 4758
71 16 9577
28 44 22759
65 10 7883
87 66 3488
78 75 2626
28 30 31929
24 21 6903
63 24 24597
38 62 10196
26 65 8261
3 17 5031
27 12 30772
12 48 21154
21 91 14925
89 64 4941
52 63 13830
1 14 18959
79 66 13008
78 1 26059
40 4 12761
58 25 6478
9 14 14888
2 51 14461
6 41 31112
5 36 32357
73 51 18824
86 57 23217
27 58 8527
58 38 23272
70 62 12897
23 18 10113
18 97 11586
42 24 24130
30 66 6560
33 97 29856
54 63 3585
35 55 16973
58 70 22533
64 8 2484
12 36 10068
49 76 12939
24 43 23755
12 42 20176
60 26 3222
71 27 31935
6 84 23851
99 80 22702
94 35 1638
35 57 1994
77 6 6963
49 82 301
14 42 19856
56 43 11463
12 78 20425
79 53 18444
97 74 10041
14 76 20073
19 11 1018
33 13 30696
70 32 20041
89 86 19091
98 90 25991
46 54 19315
52 41 22045
59 36 8760
93 6 25265
82 4 3830
76 9 29293
98 50 29557
62 28 6468
42 30 31241
14 75 20602
78 16 8684
14 93 25825
2 93 15760
71 29 28028
85 76 18787
99 71 6288
48 5 504
22 64 5707
64 11 22172
90 41 12165
43 20 20914
92 5 31819
33 51 25206
76 40 304
23 99 11248
85 49 2972
65 14 11076
46 13 17547
79 70 15263
20 86 28290
45 66 18541
46 9 28319
71 2 28324
33 73 27153
88 71 29764
2 4 14424
28 1 26970
16 66 29
44 48 2089
44 38 22410
64 50 4682
89 43 609
61 22 1759
55 89 14147
91 50 12844
31 21 749
68 37 20784
36 27 15186
39 54 25630
25 49 19924
60 58 24767
45 56 23319
56 2 22550
97 85 9516
65 43 8076
14 43 31197
49 73 20427
7 74 24430
13 76 30094
66 37 14737
42 15 5995
57 53 23937
39 83 1356
16 32 18231
42 26 2012
38 87 19691
51 63 21635
94 54 21417
53 9 7263
34 55 16304
35 4 14257
49 25 12318
14 10 24029
1 81 21319
59 51 24156
62 65 11904
77 44 26910
3 62 28490
49 83 13654
24 32 19370
79 60 19009
20 72 30004
46 82 26505
93 86 25314
99 90 12723
39 38 6411
62 35 12509
62 60 6494
16 70 24938
70 59 14701
72 65 15118
16 56 7816
31 40 30213
89 83 1955
86 11 24485
75 81 29816
52 42 18116
80 11 25899
74 89 23978
33 57 28690
14 9 12942
91 24 21364
29 85 24779
1 72 1886
75 72 11334
68 54 14296
69 26 9677
30 51 2599
10 94 4687
81 17 12250
68 29 26680
65 22 8406
27 17 7517
27 67 29088
82 65 1341
22 65 29310
16 3 29874
25 42 32746
7 69 9319
3 8 24308
82 13 21137
31 15 26810
85 57 12291
94 97 29153
55 46 14709
49 92 13713
32 15 16440
59 23 29705
96 53 25270
80 39 26424
19 67 17660
99 87 21197
63 34 12159
23 47 18393
38 26 10648
99 31 29293
1 79 20800
53 49 13883
41 16 4576
63 68 22337
29 52 26817
31 50 16926
59 30 24521
41 61 15148
63 56 20676
93 62 31755
99 47 8715
47 89 19570
39 64 15076
16 22 476
16 29 13235
71 6 9465
58 63 14162
25 50 17470
31 24 28351
34 26 10911
38 37 18338
79 94 7637
15 65 31592
50 36 2506
38 5 16338
24 65 9971
9 69 19282
86 53 18374
53 95 9877
27 97 7573
50 41 29175
20 44 32612
42 90 8420
66 6 7586
17 51 1616
10 65 9167
94 75 13510
1 96 9574
90 62 31173
69 59 26032
69 27 28511
23 75 8780
11 53 4183
92 96 5765
75 65 14903
56 61 475
73 22 26123
48 78 9790
6 96 27595
51 44 755
40 29 5913
16 9 17224
60 35 5205
87 20 959
46 7 8167
1 68 17693
88 33 30557
75 48 5022
84 23 29332
77 84 26949
24 83 22019
77 21 31112
83 57 19491
26 25 6487
78 70 11644
35 78 22669
69 92 32197
84 29 7728
27 72 10698
13 4 11028
9 46 9509
86 39 24238
44 14 22502
51 29 2112
51 50 11193
55 70 682
66 68 17714
73 31 24902
43 78 13878
71 3 14365
82 91 8824
38 24 32180
96 70 2328
43 11 28183
59 27 9488
59 14 9861
84 87 2743
11 73 7129
35 42 20719
4 68 24866
39 82 9258
51 15 18599
59 62 26064
57 8 20279
90 36 6366
76 87 1387
34 61 13331
49 29 29493
34 41 6767
36 11 11600
38 93 31983
29 53 11370
45 95 6609
53 48 17433
36 9 3265
98 44 27650
16 42 190
1 13 30649
24 52 24475
34 92 27201
55 91 25698
20 81 22579
32 45 3341
88 100 22526
84 39 7493
94 53 25012
61 35 1841
98 86 18530
41 6 28792
93 11 13550
78 74 20194
21 98 13827
77 91 6583
90 60 3450
9 68 10209
78 4 15371
8 97 12075
23 12 19020
62 57 12891
64 84 13717
33 53 2742
55 14 2863
97 61 20616
5 100 20137
81 99 27033
88 85 7241
18 7 8671
42 83 25250
24 59 12106
22 96 7297
17 79 10179
80 59 27578
51 8 23730
82 96 2679
77 54 20900
85 66 3094
9 73 11244
30 15 10169
56 92 5974
23 49 5652
87 45 16447
78 18 14630
17 75 15792
70 13 8147
94 92 9816
50 58 20641
53 37 8552
88 27 28163
56 84 8395
81 98 3066
66 14 9262
79 79 16879
41 12 31948
46 71 29976
90 51 6150
34 66 22215
83 8 27433
83 11 17642
32 88 6706
80 22 6539
52 48 24209
47 77 25760
90 23 27667
87 56 2029
15 61 29254
78 49 12504
62 32 29083
56 98 22107
53 22 17297
82 22 24456
48 25 18319
36 77 1775
60 99 12075
54 23 10636
44 89 8154
33 48 28681
27 79 6451
2 62 14200
56 64 5717
74 62 23246
54 82 4288
100 11 18644
66 73 2530
82 48 26891
72 6 32373
33 90 9321
66 32 9659
94 7 26579
49 7 27172
67 97 16698
21 95 15530
89 10 17985
70 79 21618
16 27 3685
69 7 25929
100 86 14487
100 21 20711
72 14 27416
86 19 3581
32 68 8388
45 87 14508
61 28 28075
32 53 30272
69 94 19886
38 12 17605
23 14 5001
43 38 30039
89 56 13290
48 82 13094
85 88 10762
94 18 9502
83 48 15666
54 5 15085
96 26 30222
65 82 4873
7 57 3344
94 81 16081
69 12 13714
69 52 27217
80 69 17041
32 34 23780
64 60 26654
37 96 24366
81 77 18456
26 72 24809
60 57 5603
76 63 22886
63 81 1837
98 3 10509
81 41 12077
59 94 7741
47 75 24774
98 81 23336
73 1 708
56 67 4142
89 82 17169
16 97 16226
10 13 18137
56 63 25044
43 22 17923
13 49 26019
69 18 9715
51 91 3336
60 70 21896
4 41 21980
100 6 24792
54 34 32030
88 43 26254
84 21 15815
19 45 31064
30 53 18865
48 95 21488
27 77 21324
41 80 23991
89 11 29272
46 22 28471
84 90 23956
63 36 23488
97 34 2089
36 80 15994
91 63 18966
2 6 11808
68 70 3135
72 58 12999
46 98 14219
39 45 7373
64 29 29265
2 24 13491
5 2 24228
98 93 19772
64 2 22364
22 66 17422
46 11 496
42 23 31813
52 16 8056
94 39 15280
83 9 12655
23 8 24246
40 55 24605
24 26 20079
25 82 2331
34 24 20595
31 47 4988
46 6 8617
51 90 27339
64 36 14698
10 31 23225
9 38 24475
21 73 10294
56 35 9562
57 7 8185
76 83 14120
42 33 24685
80 80 18284
19 38 18029
20 78 10738
92 57 22796
61 2 8794
33 37 4581
76 8 21185
75 20 26791
77 42 3352
30 91 22975
73 92 12190
88 91 3240
77 80 1696
40 69 13999
84 40 29516
22 94 15827
23 39 24829
82 100 8979
92 24 26944
35 44 7350
42 88 8347
92 38 18414
1 17 31691
11 78 11383
61 90 26706
75 64 20723
96 67 16361
39 89 7812
46 68 32426
68 90 10543
64 48 30503
18 100 25024
27 4 30049
52 71 8637
59 68 8457
6 32 29963
20 76 10557
32 96 8045
92 4 3389
16 51 12320
34 76 24643
70 1 17955
79 86 2258
34 94 10491
4 51 17234
23 72 19612
91 39 21642
59 48 2353
59 80 25303
84 91 10003
69 23 16896
43 95 23700
89 79 4043
58 42 1848
70 46 4381
14 65 25711
62 86 20074
5 63 32704
3 70 5155
50 31 2245
45 50 14119
66 64 19553
48 12 5870
99 99 7104
53 80 28054
44 23 31089
64 35 9851
23 41 21912
93 52 28581
78 17 29877
79 21 14616
49 99 32180
36 58 2884
63 3 28263
21 71 19023
74 42 12687
89 18 31718
93 99 11268
50 66 10390
33 20 16082
4 31 13029
32 90 23153
31 73 19865
8 96 25429
78 72 25237
60 44 16841
34 38 23894
31 75 12994
83 4 17462
98 52 18424
91 18 6641
4 67 4884
87 52 32766
2 41 17210
98 84 29251
59 22 176
82 88 3272
31 62 12119
60 23 14399
61 99 12936
82 15 19568
47 39 7671
39 77 21556
18 72 16761
53 59 15434
56 66 727
2 35 12760
94 49 27274
38 4 3691
12 95 24669
28 99 990
49 80 11648
50 32 670
76 99 25450
37 100 20124
44 32 18155
68 17 11394
5 67 30954
9 24 18685
93 68 10049
70 31 30812
15 91 5428
44 5 10600
75 96 507
59 90 9859
10 90 11448
41 19 9365
76 27 25090
41 71 14677
52 10 8188
84 86 23391
51 87 4756
82 29 25503
78 63 26425
86 29 6647
90 79 10884
26 66 31261
46 79 5822
56 21 12928
74 35 27252
76 37 16335
2 38 9311
75 91 20357
72 81 10936
46 83 1826
19 74 4713
38 99 9906
63 18 8693
40 48 10947
4 32 24116
40 59 20830
46 95 17200
46 73 676
63 73 13774
81 39 26898
43 9 19204
78 26 20135
2 79 18383
70 37 27479
40 39 18722
27 64 1678
76 25 25982
1 62 28863
3 49 25096
85 17 15138
8 94 21285
59 44 17669
78 20 29858
42 92 25265
24 16 8073
30 42 4716
16 37 14958
60 1 13453
94 42 11830
49 28 11799
25 25 12275
34 86 15039
71 63 32630
85 10 14879
24 86 29401
25 94 23106
13 66 5768
8 78 13785
5 91 9835
92 22 18086
35 91 20543
22 25 22598
77 55 29670
9 28 12494
69 67 9103
39 1 10820
19 91 14985
40 57 25809
33 79 26815
88 40 28075
21 28 2555
89 42 16799
43 3 16322
5 47 7057
10 34 17709
62 34 20687
5 86 10143
43 61 22162
21 44 9579
88 14 13064
92 35 20416
57 62 25013
12 60 16252
39 71 26125
8 8 17585
52 2 14490
59 42 1791
14 13 14856
61 94 8473
3 77 13544
74 67 27652
76 29 533
62 70 32504
30 8 27893
52 54 28393
71 20 19473
8 95 9506
41 84 14263
10 8 18039
61 72 11172
55 48 11515
24 30 490
67 88 29757
33 71 25740
67 23 7284
61 54 24706
92 60 25387
88 30 43
18 46 12357
89 53 3155
67 34 27761
20 32 6739
68 77 21099
15 21 13054
8 70 24217
23 43 29008
64 61 30948
94 31 18718
44 77 25315
27 18 1335
21 72 26793
65 55 18867
94 65 23776
52 77 6380
44 78 3790
35 45 29562
64 5 12947
89 9 12158
75 47 13838
82 19 26612
93 92 3833
24 62 16992
62 31 28499
70 92 8401
80 18 2318
15 96 1442
37 68 7029
54 10 13974
17 84 25368
86 3 5231
58 82 15568
11 67 3688
72 78 31246
65 39 27672
48 16 4593
12 58 1406
54 72 20581
41 31 13676
90 32 29745
20 60 5928
10 20 21480
17 1 21397
54 59 20831
55 73 26161
95 55 26334
47 30 10472
29 60 22242
9 83 22163
7 79 11980
98 88 6539
70 84 17541
10 58 2318
94 67 22952
41 95 12938
75 13 6098
52 96 21818
93 93 20238
31 14 25297
11 90 5629
10 87 31745
41 83 28570
21 94 6293
63 15 12528
14 12 18914
96 63 14382
47 10 1049
69 25 22512
55 36 1128
28 78 23818
41 43 15101
1 59 21477
24 23 2928
30 12 16212
55 81 12254
94 22 20786
29 44 31001
56 72 9271
53 76 14632
41 35 18041
87 35 14249
40 66 12797
13 63 25053
58 49 29557
71 51 27183
2 94 24100
33 45 32332
76 5 19051
42 81 19696
19 60 1364
70 67 7680
78 38 3403
16 93 1724
73 49 30324
54 49 24396
98 9 22909
12 94 7666
82 3 17611
29 57 27706
66 24 20770
16 54 31806
85 79 32146
41 34 19286
1 69 23995
82 33 16257
2 7 10636
38 44 9769
34 96 29172
4 43 18012
80 35 14513
35 59 21927
7 92 14444
85 25 19094
36 25 28095
83 68 8628
6 47 32687
51 60 9579
57 78 2404
43 1 15812
26 44 21596
17 16 28805
36 99 1326
14 24 22313
19 58 18397
40 87 32095
47 44 31523
12 81 23456
91 74 4328
14 55 31897
42 47 23526
14 25 17930
96 4 12595
94 68 22188
26 35 4861
1 8 32622
18 4 3944
94 40 29012
26 29 19979
49 51 22893
45 55 23624
54 37 31548
47 27 16062
5 39 17572
57 29 1268
52 20 19992
67 18 25847
94 88 1422
13 68 28300
45 98 1202
29 43 7105
69 69 26642
97 63 10721
45 19 9626
20 85 18175
85 60 13150
33 52 1538
15 64 4652
20 91 25918
84 19 26585
53 87 31270
49 38 2398
25 69 20028
49 94 10383
72 70 894
78 15 19105
85 44 11496
99 91 11300
91 94 29075
50 75 9315
74 70 29219
66 34 15239
12 53 6464
9 50 23089
46 32 31921
7 72 12369
22 59 4158
48 83 18239
7 90 11157
46 52 6924
19 51 2098
37 92 13407
11 14 14652
81 45 24744
42 46 14579
50 6 24515
86 28 8625
5 57 23918
28 56 10103
87 69 11699
80 12 12490
59 91 30776
11 33 27090
97 51 23113
23 30 7673
37 78 5554
77 71 9086
53 52 30398
94 73 17917
17 29 1512
26 39 27297
40 45 1057
27 3 26759
89 22 22587
9 78 12629
80 48 12550
81 46 25129
63 27 4720
78 92 4048
86 32 7407
85 55 16770
10 57 22422
46 66 16017
61 98 18336
91 78 28050
6 87 23389
76 44 17378
31 88 26556
83 54 15001
55 90 32489
41 100 2998
8 55 305
38 86 12500
93 14 32613
30 38 5034
1 65 23684
58 69 1711
69 9 2642
33 38 11685
100 2 29870
84 57 19693
41 88 15013
11 21 14836
64 16 25898
87 25 2735
76 50 30713
5 23 4056
14 63 24474
85 61 31123
54 98 11823
51 38 13918
7 32 22198
6 37 10358
100 91 1899
86 48 1085
93 26 8997
43 29 29796
25 55 29466
40 7 24210
93 100 18176
37 62 13648
19 14 26728
13 97 21910
42 31 9091
35 16 6287
24 67 1345
94 50 30972
45 78 19286
1 91 10286
26 19 25669
7 30 24009
85 48 20329
37 5 10701
41 51 11505
84 67 16142
71 46 10507
67 58 22679
100 75 14156
92 91 29833
59 97 8918
91 68 1708
35 47 11463
3 40 3427
96 7 8315
77 23 6880
2 13 5677
65 58 32571
39 13 10145
62 81 18201
44 57 18062
48 40 19809
91 53 980
76 14 18710
72 43 16340
37 22 21502
35 30 21359
37 70 22898
5 99 4203
6 39 15033
66 17 14482
80 24 1728
41 17 28489
20 90 5514
60 52 32272
84 65 27039
13 85 21760
2 75 28734
60 15 27650
96 23 24542
17 78 1053
66 92 139
11 68 15056
88 25 18223
40 42 6649
5 35 19369
42 73 32669
75 77 5138
34 42 5746
19 16 22975
53 47 8957
45 41 29335
97 77 25028
6 19 4292
42 66 16192
72 60 23701
18 17 1944
25 65 31506
58 3 7667
76 47 17633
90 47 2146
4 53 31902
27 54 21185
47 26 28971
24 33 28857
97 11 17777
93 51 15291
61 85 8730
35 51 28083
7 37 25585
67 17 6389
26 2 5611
51 83 28622
94 96 20281
39 68 17421
46 84 23866
84 18 22130
54 80 18614
1 53 15146
62 52 28319
64 14 14908
55 77 618
12 30 2265
67 32 29943
88 58 23159
65 63 8511
47 66 8381
66 47 13541
98 43 14465
95 85 10271
16 1 1207
7 3 24697
16 46 30176
55 49 24920
80 89 26322
93 98 22198
10 53 72
98 100 1900
21 21 32037
85 13 1916
54 86 20742
100 68 4209
45 70 29682
80 9 17208
60 7 23850
8 75 2885
29 47 3146
69 39 20308
94 5 1106
98 18 15956
42 44 26134
98 80 20737
56 34 1955
31 53 19905
2 16 18087
32 81 19976
61 15 8939
58 91 19439
19 71 25632
62 20 28782
91 34 8673
64 3 503
29 22 24899
48 46 28407
23 87 5795
78 45 18684
48 41 486
65 24 20338
54 69 28131
13 57 3319
2 43 21277
24 71 26313
51 76 20312
51 96 5489
21 2 20184
99 93 18849
85 46 12188
63 44 18259
60 72 14017
73 33 24442
84 89 22016
77 17 18299
40 84 3206
98 47 5770
76 18 9388
21 31 17443
36 90 20374
81 74 10778
87 82 31786
23 46 20980
86 14 30936
36 84 2187
97 49 2086
83 37 7689
20 37 26793
66 79 4199
97 87 21012
77 48 12122
3 46 6703
65 40 2573
58 71 21921
55 60 11081
99 92 23961
11 92 25868
100 76 25791
77 57 20273
4 87 20968
16 43 23496
67 57 14187
65 86 31666
9 41 1361
15 55 18013
53 39 8707
26 31 29250
39 18 8422
46 92 1970
40 9 16566
63 74 23682
71 48 27054
9 9 16716
30 67 27690
64 72 5542
60 32 23573
15 67 25989
71 69 22200
56 51 13445
37 79 19407
28 14 7524
72 28 17074
62 74 9935
3 88 31418
64 54 26127
96 96 29214
7 71 23860
6 97 24834
24 53 17880
20 27 7794
86 66 31372
45 8 17272
97 16 17553
93 54 8258
91 60 13358
87 10 5866
14 36 1029
2 69 22870
57 32 7579
75 17 15025
12 86 5723
75 39 2184
59 96 25723
84 32 29504
33 1 15591
81 9 15506
3 59 9819
58 62 24121
33 93 17183
68 21 7359
75 88 9095
15 47 24391
68 93 14232
29 49 4721
80 92 3767
88 9 12127
26 60 17519
21 36 31315
57 48 29157
35 61 752
9 79 22295
90 25 7977
95 91 20190
73 20 30302
3 45 20524
40 10 11828
28 70 17624
100 15 10416
45 37 23670
79 77 17859
16 89 24617
57 63 9617
25 30 27443
85 73 7050
97 27 8583
3 76 5417
66 53 18760
56 18 22845
55 44 6825
100 23 122
34 14 19918
94 74 12061
76 75 5986
2 23 13209
96 27 26721
92 89 10930
73 78 10194
9 55 923
77 38 30817
4 91 7913
90 54 29980
30 35 12439
75 27 16464
35 73 24349
54 4 2308
19 34 27438
96 80 662
8 77 13473
46 93 22973
29 97 6812
36 36 1230
17 33 24957
59 50 24621
97 25 13121
27 7 8984
46 75 21692
89 39 20665
5 78 20354
43 5 30624
53 26 17612
43 25 31150
36 91 10147
29 56 27805
42 10 19382
80 3 10084
93 33 17313
100 62 11048
6 91 17570
60 29 22140
29 81 32472
79 41 18457
49 45 24746
26 11 4699
17 81 24816
65 27 29473
80 94 32483
6 88 30733
39 66 1065
19 100 5033
9 97 13439
79 39 8246
63 70 11050
19 68 10559
44 62 25604
91 87 1227
69 24 31348
97 67 25231
18 74 30787
69 98 31580
25 29 26261
59 26 23268
13 35 453
70 63 1571
12 65 4751
61 46 14768
55 88 8218
66 43 2089
74 16 27580
38 89 19270
87 31 10810
41 22 18320
82 27 13021
12 55 25894
85 58 23000
37 30 5951
58 6 10366
35 50 19095
93 71 30120
18 14 15254
18 78 19161
6 54 24592
63 77 4855
73 35 23017
51 94 21946
62 45 20260
67 86 14440
19 8 5269
55 51 7433
83 30 25317
60 59 4584
100 36 8358
81 78 30407
96 87 2404
53 19 23036
39 94 17097
74 36 19110
97 82 21562
40 85 25924
100 32 11850
43 7 6851
88 41 22770
24 89 16468
84 1 11159
7 39 19464
21 67 15759
86 24 20230
99 57 5471
76 97 1684
89 20 2947
91 76 2470
20 42 26198
46 55 7159
59 95 23792
42 38 28901
33 76 19737
39 59 30581
54 28 30286
27 71 14537
82 71 6550
49 78 26200
36 74 28138
52 32 27618
34 72 27377
30 32 11045
43 68 30001
29 17 12635
100 58 29241
82 24 15942
32 50 31540
64 46 14727
2 25 24084
96 46 6171
53 25 19774
41 56 4469
71 44 10031
57 66 3115
81 59 12359
25 9 25312
68 18 15929
91 100 4581
71 91 25413
85 83 17912
27 37 17367
93 89 18839
66 13 23948
47 60 1053
72 57 11111
58 67 26251
49 75 25775
44 30 5537
64 17 21859
35 2 2062
56 16 21175
83 40 12083
25 1 1576
38 77 11301
52 89 30795
45 7 10076
72 91 31885
20 80 27196
59 8 846
21 33 9767
23 58 554
72 56 9390
26 30 3129
40 28 20395
91 49 28055
18 93 32531
19 49 24057
91 83 29744
40 2 21494
34 32 3593
18 8 5921
46 67 30122
83 83 27007
92 71 14616
96 44 11764
72 93 14936
18 13 5882
68 22 16953
23 29 18231
30 25 17700
54 52 31795
42 65 8384
21 45 30389
78 14 5203
50 59 16576
96 2 17206
59 24 24288
42 27 2531
10 21 936
3 1 23072
76 10 6431
95 23 11737
91 16 2453
55 83 17934
46 24 30543
60 88 5944
48 85 21390
69 89 3199
81 80 32708
14 61 15448
47 72 32183
45 43 16449
37 54 7550
89 24 11826
52 91 7640
47 63 5776
25 79 4986
4 82 378
51 49 20171
95 17 12730
27 39 29916
73 53 15863
22 68 11129
66 30 260
83 90 24987
20 36 2141
67 33 13486
23 4 5162
97 42 2151
71 14 27166
46 21 1811
29 71 6622
97 5 8515
53 36 472
45 31 6383
62 96 27152
67 84 28711
59 73 2296
7 15 13453
85 6 25813
22 42 6576
91 26 6612
68 83 5784
88 94 28051
85 30 20336
61 6 21512
93 25 27551
17 61 19802
60 10 2924
68 1 27226
57 41 10049
56 8 14450
92 61 24383
37 20 30271
80 26 5520
10 2 6632
25 8 12726
2 84 3970
89 65 13964
25 35 27771
52 98 23725
12 68 30266
29 62 2433
28 61 16140
67 38 32049
49 5 7049
66 22 22134
76 42 32515
48 63 23955
22 85 10689
81 30 24538
30 90 9844
21 88 5137
53 83 1529
67 73 29194
88 24 398
97 95 8902
54 21 30504
73 21 1933
54 25 5034
58 66 2733
81 68 16967
91 69 29927
29 80 14145
4 50 18834
4 11 3241
28 11 528
83 94 17188
64 62 2566
100 52 27319
82 59 28104
59 39 7179
68 61 9299
44 35 26842
20 53 14063
12 12 21794
6 82 3652
36 1 10956
56 24 651
89 40 4011
18 33 14949
11 96 26420
49 90 10172
38 50 15801
8 35 30885
78 13 20642
5 97 23163
38 52 25852
33 66 18939
46 29 8195
29 6 15150
58 13 9402
100 28 32693
54 96 26543
68 50 12377
4 16 14048
74 66 4750
38 70 14332
71 54 8769
53 79 11157
60 53 5090
73 9 25657
72 48 8504
12 75 28820
8 6 22600
89 62 29046
36 93 5733
77 68 404
68 100 21055
68 13 26115
30 94 11978
55 13 6832
90 27 32648
100 90 29675
37 13 24388
58 4 19492
62 53 8497
47 84 15598
55 33 18103
46 77 28225
33 44 22603
70 83 19990
38 100 36
80 55 24653
100 51 30133
46 94 21872
50 91 29205
78 6 5320
23 69 8786
75 85 6652
85 38 10916
90 82 19075
60 51 4547
22 62 27819
47 51 21264
62 47 23459
95 72 17946
3 47 20421
55 54 15761
17 14 13336
93 19 9266
71 37 26526
47 45 19513
83 16 5106
27 2 774
7 81 31594
24 58 2701
50 23 13286
75 53 23849
36 39 22763
38 73 1793
1 44 17520
46 85 12715
86 80 24400
83 87 27120
17 9 17889
100 26 26897
3 71 19538
99 78 5399
54 6 15742
68 63 29656
73 95 19671
39 22 1446
24 44 12366
19 36 16938
100 100 13193
55 25 32
67 30 12723
57 19 21876
33 29 30523
50 78 31827
49 79 17778
39 76 18945
26 40 19822
41 41 7967
82 49 17548
52 8 19552
11 58 27078
10 4 21577
41 24 22575
86 100 28049
31 74 26659
17 85 20374
32 5 9784
92 23 8011
88 65 569
95 80 24024
86 78 14024
73 29 11436
50 18 9010
44 68 1266
39 5 13777
13 92 12694
63 29 16101
60 43 18441
90 95 22643
21 87 6147
65 87 1272
44 67 21475
46 89 17350
28 55 31505
82 47 23758
86 15 10351
33 74 14944
13 33 14884
84 10 21988
40 36 4249
80 8 31231
55 2 13941
44 19 23413
78 24 11473
21 58 14703
25 53 13038
36 100 13317
22 76 31521
93 66 25548
59 85 21532
30 83 32706
63 90 15924
71 43 9283
97 81 19970
73 16 16052
37 56 15175
78 55 24730
83 52 19770
38 2 15677
5 74 24162
98 96 2126
86 63 29230
61 19 29074
80 10 9663
25 75 7683
76 16 29344
47 33 14569
85 62 5473
87 67 6090
52 5 17234
95 77 599
5 34 469
85 18 2965
17 15 14067
11 97 15942
92 67 25590
21 56 15949
52 82 32272
55 10 6431
39 92 13740
55 78 22491
98 57 10774
90 63 27537
30 89 10540
86 42 4168
21 61 21048
90 85 13404
61 63 8733
93 44 14064
24 12 24741
20 50 26113
77 46 2487
57 4 1365
99 9 12879
39 24 3006
44 28 4515
91 17 20802
13 75 5434
41 2 20184
36 29 30634
38 35 28578
72 23 27264
60 41 29369
83 49 20367
91 28 14459
72 7 6306
31 76 8804
40 95 22489
65 74 27049
59 81 32488
53 71 24979
67 5 21417
38 60 20433
56 6 20527
38 67 3915
56 91 6447
83 36 20094
37 47 21239
100 42 6926
75 25 10345
98 35 16648
27 44 3245
82 72 30269
14 67 16031
7 10 24291
60 85 4547
60 4 607
92 94 13197
84 51 17558
36 13 6668
70 66 1904
74 92 2517
50 16 30119
12 92 11875
64 26 7008
71 22 7728
59 37 18276
22 77 1800
13 10 23636
64 31 8515
37 84 31033
71 41 9869
92 29 4986
38 21 13125
98 55 28704
95 63 23866
55 1 32303
15 30 16795
100 4 18443
99 59 1731
56 73 12890
59 53 130
28 45 6423
37 74 19155
34 57 11052
23 80 8203
77 81 13270
89 30 15886
3 11 16328
75 61 100
43 56 24394
66 29 24573
85 27 28799
24 2 31588
89 98 11653
76 51 10679
56 94 10631
65 41 21114
90 11 20489
64 21 8189
55 23 25317
55 87 26426
25 19 27303
21 60 489
83 42 2575
1 67 26223
55 53 851
17 27 23487
3 38 28902
2 50 15968
3 66 21882
44 11 14509
90 59 10185
22 7 6587
88 72 32491
73 19 2074
97 14 9452
16 5 19786
34 65 10505
38 54 13785
34 73 26922
45 71 13258
1 49 13614
54 12 9694
100 17 23213
13 42 23210
51 81 17570
36 63 23366
12 18 11012
64 22 32607
46 44 9851
45 34 30737
3 26 27560
54 8 9007
71 96 21229
42 60 3221
16 45 22179
36 31 19783
16 81 2022
26 53 9205
47 13 13005
46 26 1245
50 95 8530
33 10 22317
84 74 30440
81 36 24988
71 90 7630
90 64 30445
22 6 2816
14 35 17000
38 16 14165
59 12 8384
32 56 12252
96 21 24062
61 68 15274
35 34 25192
80 1 6616
10 73 25062
65 38 22051
19 99 15184
73 69 8704
65 46 1850
51 47 31143
69 86 30302
69 48 32607
88 36 10310
65 34 19352
41 26 31725
47 1 20839
32 22 3218
25 85 14816
45 53 12020
71 68 8920
46 17 28045
100 63 21686
42 5 25574
34 53 7812
84 66 3846
51 27 8592
98 14 22372
87 63 15191
85 7 5419
23 20 29667
19 92 30960
67 4 23280
99 68 21346
34 36 10288
94 28 3349
25 93 11919
1 45 6432
87 96 11509
22 20 8908
92 53 5252
24 66 24957
81 62 28466
24 1 25829
36 54 24613
83 77 6158
90 93 15200
77 62 20843
32 61 8701
39 81 24621
46 30 30169
42 63 20835
1 61 1365
42 100 6337
26 7 11411
64 49 4691
70 45 28600
44 56 12465
38 59 17207
12 15 19948
94 30 26588
81 86 8765
35 77 14016
19 85 24848
49 48 5556
33 82 30838
28 97 5860
25 100 15654
2 42 4405
30 16 30566
51 33 3084
20 97 24440
4 7 22621
71 50 19206
99 74 22639
86 64 22212
67 28 9584
31 66 12083
83 32 28236
91 13 3257
27 98 27065
16 94 31908
38 19 16339
25 71 11184
84 22 12538
61 50 10924
84 6 15848
14 87 26985
10 35 12501
71 40 21158
69 57 4486
93 23 4734
74 7 6886
46 10 25837
82 40 9700
2 8 30196
53 1 604
89 99 6876
70 5 16991
44 58 7858
91 47 10799
68 47 20510
8 20 32139
26 100 20771
15 11 12356
21 38 28265
51 42 4302
45 28 26142
84 99 10641
32 71 23755
36 4 19446
10 15 26033
18 31 25319
33 14 24091
62 33 6636
19 6 4334
22 47 4971
89 95 31009
28 36 20578
76 6 20051
43 55 30319
91 25 980
66 55 3172
23 45 17268
53 75 16978
98 71 9942
68 42 618
69 66 27322
56 28 26915
84 38 6933
50 63 12883
31 35 17521
29 89 19725
26 23 12783
61 66 31931
87 9 14639
32 66 6427
20 52 8742
16 77 21169
22 99 19588
32 40 8340
53 31 20475
82 43 9119
1 1 24235
24 100 8169
86 35 25456
45 45 30709
1 20 30519
50 48 7581
100 49 685
20 33 23341
89 71 19298
46 41 20728
6 52 21083
40 68 24371
74 17 11958
44 73 19815
99 72 8938
62 10 20921
87 28 28442
54 24 32529
92 98 7100
72 79 23994
91 54 21235
67 48 32114
89 23 23378
20 84 15967
6 95 7647
99 98 12067
61 92 30574
39 97 27519
63 45 21727
70 25 4219
70 73 1671
62 16 27826
30 95 24038
96 31 16550
62 4 14993
60 49 19207
14 70 15640
56 62 2652
40 23 27503
25 97 6850
24 13 17724
15 72 16809
21 82 13157
99 50 32146
98 67 27444
49 93 13532
5 96 27295
82 99 21846
76 46 31585
34 1 14400
68 98 26010
42 32 26100
99 75 24388
60 63 16146
30 60 9325
68 67 3969
28 95 10850
97 43 17924
97 18 15412
69 49 15782
34 75 24689
85 69 10469
26 5 31845
22 61 31912
23 52 26701
43 31 3426
31 52 17721
99 28 31481
6 83 12426
15 13 6205
93 10 14939
6 67 16667
36 34 23252
25 77 15293
28 8 4288
28 21 10806
28 38 29711
84 4 15138
84 42 5636
22 78 22279
81 35 4712
30 54 21931
9 31 7449
33 42 2671
17 64 1819
16 85 26510
75 42 21886
9 61 19749
86 79 30102
97 73 21110
26 85 15803
28 47 19689
53 98 20990
96 99 4952
20 74 6916
69 84 25611
60 19 23062
68 4 28167
39 27 7194
39 58 3781
55 79 18062
69 22 25674
99 58 31259
20 46 17902
90 17 25957
40 26 8126
17 63 10288
9 39 25531
70 8 13254
14 57 25786
84 49 18594
67 36 6220
9 48 24015
23 28 22493
21 100 19899
53 18 32525
89 94 15090
89 15 12297
69 47 25359
38 46 11569
98 26 29648
22 38 20644
8 71 4550
47 40 32253
13 21 11432
77 92 30526
46 100 4417
75 57 18678
73 37 1009
97 10 15133
59 89 30745
5 31 16728
75 2 8362
19 29 23290
97 32 12841
32 36 15633
74 95 10420
27 84 6534
83 13 17437
25 46 13297
3 74 29759
6 78 21359
12 82 11651
71 81 4254
28 60 13717
78 82 16066
53 14 4372
77 87 26875
43 42 30510
98 63 31249
43 49 32593
37 21 4618
39 7 25562
51 48 4459
40 6 29982
69 15 15602
17 95 1968
64 1 9775
45 100 17526
81 18 26825
58 86 31216
59 76 5231
83 12 15038
59 72 24192
49 23 12699
51 59 5729
46 43 7439
61 74 24478
14 33 5526
49 69 28085
21 92 14839
35 32 3638
95 3 17012
15 43 2270
35 48 9731
4 42 607
12 98 14738
3 16 13064
18 18 12000
52 44 7539
83 55 1888
13 13 8923
38 75 7092
9 19 1852
12 31 16590
88 64 27328
89 78 16715
47 76 15083
70 48 19363
7 61 28753
6 62 22721
81 42 6551
52 6 4941
90 26 1483
5 54 23381
31 12 12607
59 88 32052
28 31 17623
48 8 24297
15 6 24950
7 11 12516
36 89 7786
35 14 29024
77 64 14178
27 23 11708
26 1 3249
76 31 7758
14 97 17017
8 31 27704
48 53 22256
85 36 595
47 91 18037
48 6 10608
79 59 16282
47 100 14423
53 42 23792
77 25 10658
9 47 29959
33 64 1628
32 42 32680
38 1 26638
10 51 4655
41 98 8828
80 47 2140
93 22 18698
94 14 6207
89 76 13972
22 81 1684
67 100 4757
10 67 23669
60 96 27185
29 95 24333
67 59 15267
87 61 23167
7 47 2475
79 28 23039
79 31 30922
45 10 9508
48 51 15226
63 83 22970
6 27 6288
64 80 22967
79 46 24210
87 7 14721
44 7 4443
62 84 18939
18 96 3710
100 98 3796
43 53 21368
41 4 10856
56 53 16857
46 63 2998
6 28 4448
28 4 1277
66 76 5247
82 78 32534
45 77 18375
9 36 4403
36 42 31787
94 21 21415
45 58 12913
7 27 26217
84 34 4512
7 99 32419
20 92 15025
68 51 29935
96 76 29076
95 88 5466
63 40 17509
61 83 30587
49 60 5120
39 67 11374
51 61 9342
19 69 213
66 20 10128
72 15 18043
62 78 28737
84 54 1406
46 28 15781
48 24 29082
64 45 12250
27 41 1663
92 30 29699
99 79 13728
26 61 26270
81 24 17348
24 56 28188
8 10 21331
92 12 7545
45 76 17690
6 57 24725
18 57 32049
61 81 21651
89 67 21068
79 74 3844
49 33 1577
64 99 24336
17 58 10981
67 62 25492
34 30 24086
89 89 787
58 60 28828
11 27 21291
75 93 30149
13 93 217
59 28 11160
43 40 10164
49 97 16251
97 97 29679
9 87 13438
4 24 18002
95 1 8994
55 95 29205
82 44 21828
39 62 23835
78 93 22911
91 9 2776
90 70 31392
40 74 21070
74 45 1828
96 37 30396
23 65 9949
91 58 5048
32 87 31697
7 68 21815
12 84 24654
40 27 31943
30 41 3528
41 87 18444
48 54 18471
11 6 4710
72 72 7243
33 43 32421
26 82 31719
89 52 17253
51 89 26748
73 91 31220
18 94 23761
57 93 7694
100 33 18850
74 44 7934
45 57 14487
33 23 9146
48 9 9320
35 37 3124
45 83 12491
49 66 18963
69 20 15470
83 14 3288
41 67 7634
91 22 637
78 96 30907
57 34 29567
56 58 25422
62 2 26661
79 98 17335
89 100 471
100 16 367
66 33 19875
79 38 16801
58 72 19059
83 18 31066
7 21 5313
5 3 29198
37 44 29117
79 7 32625
16 74 26161
79 37 24720
9 89 7783
22 17 10224
13 87 27171
67 43 269
59 77 4663
47 82 11754
23 96 8912
16 88 31222
41 65 20567
95 32 9366
57 85 2066
7 66 12001
85 90 25403
8 28 13687
44 36 3113
32 78 17050
7 2 21436
12 9 91
65 98 19726
8 84 26416
78 95 25381
56 69 26935
84 12 30317
42 61 1274
24 90 22033
91 64 22178
18 91 24869
7 85 8849
27 68 8236
6 31 18921
46 59 20760
99 43 22809
78 67 27634
6 79 27291
12 41 20018
49 27 16761
58 64 25647
87 11 21650
40 14 25163
59 21 30438
16 76 6373
56 11 19078
77 41 16049
68 38 27324
46 4 27995
2 56 15305
79 92 28434
61 26 22827
26 91 4190
8 36 25848
29 14 12049
66 88 14474
77 51 8654
54 30 4510
44 1 18772
12 79 6764
89 69 15003
61 69 7374
67 61 419
86 2 13486
20 47 26614
97 90 6895
5 20 6220
28 89 18462
91 48 7966
54 93 12111
98 98 20806
2 72 6439
73 3 13653
38 68 28729
13 32 11685
94 59 5141
60 60 10531
31 77 26141
77 61 2095
29 38 5054
86 40 26928
69 97 12976
14 84 10392
49 47 20334
60 28 11774
53 72 18596
21 74 16089
68 76 21164
31 29 25396
46 1 21986
91 73 4639
72 94 11697
28 98 3873
79 90 3773
79 67 29611
43 96 13568
93 3 32227
95 46 21375
49 84 30445
82 76 4671
48 19 18099
68 95 3573
68 39 30992
90 69 14461
13 1 16813
91 41 26706
83 76 30371
24 99 31052
65 78 23024
61 65 15118
68 71 12920
66 1 21889
70 14 14399
57 6 25811
83 33 23267
88 32 31465
2 81 30586
95 28 389
55 3 1867
38 34 24313
63 21 27102
56 86 28087
18 42 19764
54 47 214
95 8 12076
9 3 12495
56 45 22445
32 41 8304
90 71 23850
13 89 21564
1 42 19515
6 45 22712
76 85 8107
59 98 14395
60 24 12416
97 23 10259
74 77 30397
7 6 8796
88 44 27142
40 89 2840
78 73 30753
97 83 772
86 30 5585
48 69 3940
43 13 24708
32 49 17455
69 65 29556
6 90 19208
56 97 29324
42 50 30635
12 23 870
63 9 25923
13 48 26920
92 49 11161
6 26 10091
31 82 31889
96 39 29412
72 3 25101
62 18 13966
16 10 10054
3 32 11586
90 8 15945
36 65 10813
28 85 22756
96 86 10450
39 56 2416
42 57 4610
20 28 6863
32 52 28252
2 14 17782
52 70 8287
78 43 14542
56 36 26659
74 72 15032
47 65 7304
82 53 25810
34 23 1483
90 43 21705
70 41 21137
73 27 29956
89 47 14869
15 14 28797
27 66 22086
82 30 5257
89 17 839
99 16 17500
23 34 31469
30 44 16917
48 20 21082
92 69 26546
71 39 27987
26 3 27183
96 29 16256
97 21 32342
14 47 14279
87 87 13366
98 69 17617
73 44 8808
18 27 14018
81 58 19870
37 59 3701
29 15 27959
22 41 17090
47 22 15829
95 19 10803
44 97 29028
18 86 5404
73 77 22686
12 67 7255
55 43 32644
1 51 15867
1 83 1917
25 22 25249
12 76 22044
13 18 19085
5 85 11382
61 88 2716
43 66 12250
59 49 29767
71 97 6694
16 15 9925
62 26 26201
68 73 5250
87 76 32725
47 88 13518
83 72 20341
2 36 12626
74 48 16007
39 85 24958
32 54 30666
38 91 7972
85 92 16100
92 41 8891
7 14 8499
24 91 23563
26 22 27996
47 79 1755
79 13 8919
83 85 20715
57 20 31459
27 93 29767
25 45 10756
3 20 20289
85 22 21757
36 69 2200
36 16 21563
16 11 10264
25 2 27782
3 94 25897
80 79 22015
8 74 5700
67 69 18986
30 19 30112
3 23 12043
89 73 30839
14 34 5349
32 51 7597
18 25 23907
39 10 2470
30 14 155
86 51 26394
9 35 18728
73 8 21497
43 73 22651
9 20 5622
84 28 13574
76 45 2492
35 53 18984
25 87 20464
32 2 30754
56 27 21597
11 81 17154
28 92 7492
53 10 5727
70 35 864
31 22 31668
12 26 24909
63 51 3525
16 100 17671
56 12 6222
81 38 18570
93 83 24050
7 95 23325
98 30 26975
80 73 15870
9 18 19664
23 19 21184
78 21 16679
55 65 6848
4 25 1627
64 92 8293
93 55 1031
50 76 1426
72 38 17141
89 55 5364
20 14 1107
41 73 20354
66 46 5307
47 81 18797
85 94 17195
6 60 6839
57 80 18297
43 41 25537
80 95 12544
7 33 2380
91 36 22882
18 79 30204
76 33 5141
98 54 12810
36 22 32538
44 34 28307
5 8 3953
27 32 4570
9 32 31732
8 47 16679
43 46 17331
62 48 24771
27 88 14615
3 58 32121
17 39 25132
89 45 10440
36 2 3989
29 10 4364
1 6 19531
32 11 22706
19 4 27712
61 36 9691
21 47 8861
46 91 146
11 69 6907
8 57 7702
27 14 20647
44 15 12516
70 34 24149
31 5 12863
37 61 17231
12 10 4569
31 39 24933
7 5 8580
74 11 28966
38 20 9819
50 13 28647
66 4 28771
70 40 29969
38 25 7457
59 87 9421
33 26 29277
10 92 23843
22 88 19110
90 84 15722
88 78 23925
39 15 1663
56 78 3707
13 22 15693
8 19 5145
49 16 27880
88 76 8880
59 84 19947
88 8 8289
26 96 22861
57 55 673
47 57 20880
1 94 23204
10 9 21586
90 72 30581
28 51 6942
58 22 23157
89 13 24765
36 73 12834
21 3 19203
62 11 17785
93 13 14939
90 2 18770
10 89 19775
75 68 2839
57 99 31229
21 10 30126
6 8 8419
1 29 21879
81 94 6258
93 27 4238
60 40 22982
53 84 30443
81 66 4784
95 64 17014
26 62 16398
6 25 16057
21 32 31517
48 18 948
35 24 32173
49 24 22292
42 62 29444
46 97 14230
74 1 3651
4 29 14732
11 89 6014
89 80 8074
15 32 16001
98 12 17009
18 3 26129
46 40 6630
100 34 18597
85 77 24730
14 4 29592
4 65 31696
46 65 28223
16 61 21990
92 25 3253
36 17 5490
81 8 4437
67 64 29056
99 73 19332
62 1 18494
38 83 7620
68 64 28817
11 43 12620
14 81 8109
7 48 4807
53 97 29572
1 78 10457
36 12 1588
3 85 14424
84 14 25933
80 83 16001
17 59 17844
66 31 10073
18 59 13282
73 58 22758
41 8 29312
58 94 10972
3 89 24299
83 53 7978
92 72 5108
93 78 4228
6 92 19692
84 82 20271
33 5 17319
50 53 2828
16 38 12789
47 21 15407
63 46 29746
14 39 2399
6 40 31252
98 42 7926
57 44 30993
91 75 3459
68 31 3827
35 21 23894
24 41 19960
66 27 15671
13 81 12527
1 75 5784
82 7 4988
15 42 1706
95 31 17231
15 99 17140
31 25 8693
15 88 25961
15 46 18465
44 20 19327
71 56 23361
9 99 23064
85 26 559
15 31 9480
4 100 28786
1 52 17555
81 89 31909
53 61 27830
44 83 17066
82 75 19381
42 45 5776
73 34 21695
27 46 29205
78 90 2251
79 61 31572
61 5 1717
98 89 7717
95 15 2279
69 34 20221
33 4 11963
83 97 28760
85 16 8753
75 70 29900
81 92 26862
100 71 20412
34 27 9453
37 37 17746
26 24 7977
43 100 8725
30 52 30629
68 99 7358
42 51 26453
50 1 1492
29 65 22216
14 50 24525
41 13 32185
50 29 20464
64 98 2288
1 87 7444
39 19 10121
13 98 9606
47 90 5571
38 36 30991
53 20 13298
55 29 10275
84 62 18914
57 25 14902
86 1 19630
82 56 13675
44 9 19975
70 53 17017
65 60 22687
52 88 10873
46 64 23377
33 89 9013
40 91 13658
60 73 13646
50 72 13169
41 32 20779
80 74 7660
22 3 31621
17 48 31623
100 35 24805
39 75 5157
18 1 32580
33 49 13048
57 71 14242
40 94 7197
14 32 11122
73 97 18329
100 56 6185
76 90 10372
95 86 945
21 76 10162
25 72 14467
36 60 17541
98 40 1710
98 92 29403
90 88 30998
21 68 25950
27 24 21592
49 36 17692
45 59 5513
72 10 19754
49 46 25305
13 17 13856
99 63 20158
97 19 9165
5 19 18546
14 96 11155
1 30 7562
33 59 7547
61 44 3724
31 91 12338
17 82 3258
66 44 20960
51 22 18979
57 35 17275
48 96 14401
62 64 17256
15 51 18969
100 18 16110
53 91 20639
45 67 7771
4 56 438
23 88 10478
10 64 30274
32 73 32587
92 59 17393
64 63 15184
16 49 12536
85 45 23023
5 60 18930
94 48 6362
63 93 26059
99 32 7180
89 74 13947
90 81 18482
9 42 19468
26 51 22705
86 86 16922
29 36 32216
5 45 5051
56 20 19882
20 49 12657
74 90 4498
51 37 28990
99 84 30750
22 40 30438
35 85 10216
23 26 16180
5 94 101
63 84 26891
90 18 16392
19 21 16304
76 68 25393
33 9 8642
94 2 9688
17 19 7719
69 37 9748
24 98 13074
53 16 21257
29 16 2620
44 49 18711
45 11 12105
41 38 22013
69 36 1105
33 17 17692
24 79 23234
63 91 21429
36 97 2663
38 56 26576
55 71 13664
61 64 14317
95 48 16519
16 63 10581
51 45 8019
17 62 19423
40 11 27215
52 33 7986
85 2 24536
3 64 9565
13 41 11712
38 79 14782
35 52 32041
11 39 7508
50 52 11351
7 96 29172
26 8 25629
66 87 8374
90 86 16982
56 88 13395
7 17 20092
96 22 17302
88 28 27326
41 92 5831
58 52 305
79 99 887
23 79 30960
54 60 26369
42 18 16461
54 51 12587
8 27 2750
74 65 2826
47 47 1532
71 11 7269
9 60 24071
55 4 9002
45 29 29994
18 66 27373
32 7 21589
56 46 32655
24 19 11688
97 8 11952
23 5 12191
82 11 5799
18 45 3013
94 60 17658
87 80 6116
85 59 7505
49 59 28084
53 99 31508
54 75 7523
86 85 11542
56 40 6254
77 4 18804
35 83 2332
47 71 1256
65 11 24681
61 79 16228
31 43 4704
54 18 28313
30 7 26202
68 11 24638
70 85 31283
27 59 5312
5 46 24453
82 34 2351
39 73 26838
60 62 5757
5 50 17571
43 99 5252
35 63 23035
43 8 13590
98 37 5190
45 52 22265
74 80 2856
97 7 4762
36 72 6964
67 6 18066
4 33 27585
35 97 17868
21 89 12413
3 36 7879
98 74 10079
75 11 30820
87 92 30505
30 99 12249
46 96 21274
76 23 19895
83 34 2661
51 86 17645
84 7 23912
8 7 30083
93 9 31895
82 60 20754
81 19 5714
72 95 2044
65 80 14295
99 95 16745
12 24 2035
40 5 17976
82 70 8469
83 20 30080
68 82 16740
92 15 17683
100 94 20228
12 17 11763
43 92 31584
92 46 4029
87 54 4743
87 65 31934
61 75 32352
48 74 14960
63 19 5155
53 44 10605
36 96 6476
66 89 18305
5 41 14078
52 4 30638
13 86 19686
9 59 25916
75 7 23407
62 88 19272
89 32 1411
73 15 30300
31 95 15617
28 82 29921
39 84 25911
28 27 13825
41 33 2516
8 46 24026
68 12 17741
98 46 21771
27 69 7918
1 23 17853
6 51 2229
41 25 21467
63 50 8108
9 95 31019
48 47 32736
69 14 17971
90 50 18782
12 56 12219
7 35 21418
82 23 4093
15 74 28125
49 87 23415
95 30 11742
49 54 15769
80 2 10128
28 12 30353
79 14 26145
60 17 7803
14 7 17099
74 28 19906
25 52 873
53 90 27867
19 80 18444
53 82 14956
47 37 3996
27 47 26299
79 81 17029
28 17 25720
7 91 28158
86 60 18764
13 52 22372
53 45 15745
46 72 11063
46 31 29481
94 99 31431
70 60 6774
21 86 11576
79 20 8697
29 90 2778
57 84 8728
57 68 5980
46 49 21566
33 86 5988
94 89 17182
2 92 6368
30 72 25808
65 67 19791
40 19 3866
22 70 22890
30 5 29691
9 77 28798
64 91 10002
30 30 9948
7 51 22596
71 70 4323
40 96 17565
75 41 10161
6 15 1940
89 66 30279
99 19 14507
89 5 22337
25 34 3660
57 33 18000
75 34 20998
93 57 7186
52 31 16725
55 80 29473
19 95 25848
24 37 7073
82 69 4280
25 66 19428
38 31 14992
28 58 24108
37 49 26762
9 63 2849
14 19 22250
8 53 24613
20 20 28099
67 51 27919
15 57 25216
45 64 17252
87 42 15023
3 91 12957
60 78 21482
95 58 24273
72 18 24495
5 98 18047
64 37 21271
37 27 30553
76 4 13289
50 56 29944
86 62 14829
36 57 24905
48 4 19500
94 76 2763
35 87 2415
1 95 8826
3 9 30535
34 54 28943
9 81 881
83 58 10331
99 26 10738
92 66 28444
38 98 11929
58 61 17617
35 7 17793
51 68 7626
21 78 6991
75 98 20104
62 62 12878
11 85 22581
51 25 12781
31 8 31620
85 3 13676
7 73 6336
53 55 11912
62 85 24801
26 63 8183
73 48 6369
63 16 19806
5 17 10323
23 3 6832
32 4 4916
60 82 19882
33 25 19496
73 83 31557
63 8 12005
9 64 27047
55 6 28185
60 81 9235
88 88 7156
84 45 23566
1 54 28675
19 62 8369
32 64 27709
8 68 32294
14 2 15723
43 10 10985
33 84 29958
64 18 26527
44 95 23046
8 63 15627
76 82 9539
70 93 14189
11 65 19033
43 74 302
50 30 25060
89 50 5766
28 75 2635
14 6 17775
99 48 29746
100 87 7786
24 81 20617
32 89 10809
60 39 16574
63 65 17868
93 37 752
57 70 18656
17 4 1013
75 33 1327
23 54 21651
1 9 4225
4 9 32078
28 77 2022
92 92 10366
50 37 28008
50 28 32523
45 6 30221
10 41 9700
64 12 21426
99 41 21087
84 26 20000
28 74 22305
77 45 23616
95 97 32714
53 35 1255
33 2 30732
30 68 3280
5 81 13405
63 5 22656
36 81 27583
65 57 27872
12 2 32526
98 1 30452
11 29 24436
82 61 24001
31 16 17711
62 79 27248
43 26 3021
12 44 4808
36 21 12538
79 26 19497
90 98 23771
42 80 11102
1 24 10006
62 87 31370
94 25 31561
77 3 14678
77 43 30951
99 29 25669
50 57 4974
94 45 2586
9 86 23843
18 20 15683
72 31 17078
73 50 29073
47 36 13530
65 51 2100
79 50 3524
19 53 21536
66 12 11474
92 80 17149
73 81 23844
36 26 12750
59 18 27336
9 70 30915
83 26 12870
3 92 25210
6 98 10116
84 61 32494
60 38 27373
56 42 11654
6 93 6608
24 78 23504
98 72 4170
58 75 5913
1 98 17853
86 18 17323
99 27 10288
55 12 22571
88 46 21195
92 95 11559
51 70 26718
24 3 18035
69 43 21796
55 17 21700
25 36 30499
57 14 23209
15 86 4932
12 51 27960
65 69 27613
88 47 2075
21 96 17315
21 75 29252
18 63 14993
58 28 18597
45 75 11739
99 7 28731
85 81 1173
45 9 19733
80 93 21560
22 53 23804
22 26 20429
42 78 20726
62 97 24256
55 28 26807
66 84 29353
84 47 17775
48 61 28369
71 94 11364
81 90 6510
11 35 17367
63 59 23723
79 52 22860
11 98 22107
48 30 24764
84 5 26900
7 28 6917
95 10 14879
67 22 13556
2 40 5966
20 22 525
79 30 20134
55 94 18688
31 41 8840
35 68 24830
80 76 20024
78 89 10378
89 36 16117
86 73 23201
79 18 6581
97 12 27874
71 17 9563
98 94 13343
13 50 2076
18 24 30858
73 75 27359
17 24 9189
78 88 19737
88 31 27455
36 35 8379
87 19 10182
13 51 1857
40 67 24554
6 86 9868
16 99 31285
8 52 32211
39 96 14952
21 85 31066
48 79 9540
60 68 28541
26 79 9429
8 4 26755
68 96 17259
58 58 3070
4 48 10715
14 1 2945
48 100 28943
57 10 25914
53 94 21176
57 73 5827
48 87 17284
54 32 20000
97 54 4471
23 76 4256
43 17 8120
67 37 21655
86 5 30048
20 11 2830
83 95 27349
100 65 304
91 20 19880
52 14 24769
13 9 32647
48 1 22895
97 44 765
36 48 840
21 12 15645
47 95 8299
26 90 23956
56 87 12789
11 75 8703
59 43 10189
33 47 22398
16 35 15755
12 38 28079
69 38 11578
24 8 21849
91 8 7130
88 96 7488
85 28 12745
18 68 24656
74 52 28944
70 61 21626
35 95 2747
24 7 4699
14 3 28452
76 55 1668
90 66 30962
99 49 1905
87 95 23289
94 91 28190
93 16 24166
82 82 13590
37 3 13928
88 87 5219
93 8 6654
100 5 15675
31 100 4710
63 72 21150
15 62 16050
96 1 21005
13 43 27225
55 66 32697
14 30 31114
98 79 21202
5 9 20574
75 52 13753
11 15 24556
6 76 1275
84 78 8855
15 59 25337
61 7 18173
61 25 13921
87 13 7735
6 71 12505
79 45 12226
33 3 22328
92 14 14138
64 100 29443
27 55 18080
97 41 23907
100 37 20165
30 18 10782
11 20 23600
31 19 7718
3 78 7435
82 79 14483
8 98 23991
77 34 16722
42 35 8209
27 40 7377
88 38 21758
71 21 12752
81 33 11062
87 18 5102
47 69 14377
14 45 28774
86 99 24669
34 37 25213
36 46 5596
97 2 8904
17 54 11094
36 50 21021
66 15 8718
59 99 4474
96 10 1387
72 24 31170
65 56 20435
96 54 31375
52 25 9977
40 72 29615
86 52 7572
88 23 19456
58 74 565
62 55 31903
15 76 31201
8 90 7463
80 7 20826
94 55 23466
30 61 5502
39 47 32378
59 82 4950
38 8 12104
23 60 1916
60 56 21290
5 53 10884
72 5 20421
65 35 31887
79 8 20932
90 96 30404
10 7 9793
49 1 22954
85 47 2764
41 76 31123
70 57 28137
98 78 764
32 59 11184
100 25 29755
9 1 2187
68 79 16151
39 42 26696
20 56 23083
40 43 31643
81 52 1303
60 21 16852
35 29 8340
56 31 16040
77 20 19536
59 4 17111
64 20 31668
36 78 12529
37 1 2405
8 14 27853
38 27 28074
76 35 12405
4 22 3086
45 12 21023
22 84 21398
15 36 17690
65 97 28154
41 78 17572
81 22 31206
43 69 7753
43 83 26914
15 68 21395
93 45 2981
57 13 27942
77 82 14482
50 94 5646
54 87 3323
88 35 704
39 30 26611
6 43 26216
82 2 7672
95 82 17339
54 31 21936
26 76 5206
54 50 8090
74 5 23127
89 34 3604
57 60 26488
65 28 15908
84 27 24276
70 29 22119
26 57 7937
39 29 31919
47 53 28710
40 49 21709
25 15 31892
58 35 19203
52 19 6461
68 24 7919
25 39 8517
87 97 14474
32 76 6742
48 39 13965
17 40 16591
79 83 15857
96 20 13883
17 88 15022
79 17 30609
46 8 8202
41 97 11803
93 56 16032
100 66 18900
37 16 11873
15 89 21205
39 74 10535
93 15 12526
64 59 12351
30 29 19982
54 85 21505
60 14 517
56 55 11252
58 37 27341
27 73 10001
5 27 15226
54 65 8199
20 43 5125
57 23 28831
34 81 17219
14 71 28837
74 37 21451
18 26 11413
77 9 29728
53 96 21004
25 74 12386
75 28 2349
30 27 31597
40 78 23183
16 8 32296
69 19 22523
91 88 27734
94 63 18109
57 61 11898
18 36 1790
2 30 28683
68 81 19726
18 54 6227
45 88 3609
19 31 24704
50 64 30487
16 62 1952
56 4 7169
20 63 1054
29 46 10057
85 42 19833
17 60 21868
75 38 10805
5 92 22870
25 83 25443
23 6 1730
4 44 21852
59 75 5170
95 67 13522
91 89 22342
20 48 22001
70 11 5848
15 78 2264
62 66 11304
2 46 30161
85 12 14284
72 53 19365
53 17 29461
86 49 16355
96 35 11753
46 88 1563
25 20 16643
91 85 12944
31 34 6590
11 38 32013
63 96 32481
25 21 18887
54 68 15333
34 95 12704
61 70 19329
94 64 7336
23 92 28314
74 24 908
67 81 2663
20 10 277
29 59 23326
43 45 3869
53 88 28115
62 93 30216
42 21 23346
94 57 29625
78 29 13547
47 74 7682
34 100 32182
69 71 14538
54 53 3670
97 37 18040
79 11 1709
17 87 29278
69 87 1913
87 46 15871
14 49 12680
87 2 27684
15 66 16524
18 65 30703
86 59 26646
79 85 12836
90 92 32637
3 75 18887
79 9 21857
32 29 7337
28 96 31114
57 90 18036
91 79 6969
20 1 25866
44 70 4883
81 7 31877
87 85 18324
29 28 15936
21 7 14337
67 11 24423
60 27 7245
98 6 30947
98 32 18279
2 86 1552
84 79 11619
26 43 18350
8 91 15265
30 79 11192
17 89 24936
31 92 9668
31 2 30687
34 74 26247
16 82 8790
7 86 27854
74 56 19567
97 88 32281
56 44 17600
44 16 32280
20 82 19919
58 77 12044
30 37 17011
31 59 30114
8 80 32097
15 94 28212
79 64 14728
96 88 26664
63 94 26554
40 24 30194
69 78 584
91 21 8149
55 100 7810
4 55 2016
40 8 23531
99 66 10781
38 33 1081
66 85 15074
60 31 20735
37 95 12311
90 35 11486
55 68 4953
12 69 12003
99 81 6317
72 8 31498
36 28 28445
30 47 27047
18 15 13018
91 5 12430
95 78 17262
10 97 26045
5 75 17604
90 90 21645
93 18 4155
54 48 20122
40 40 9320
30 4 30850
89 85 16432
44 61 5755
42 91 23713
14 27 4837
6 11 24880
33 63 21437
97 20 8477
72 96 8939
77 35 24857
66 16 1623
57 50 7126
67 94 12345
21 18 6094
49 85 16317
32 37 21447
85 32 7077
85 9 14350
33 83 19939
68 30 7729
19 57 29111
48 34 23780
48 14 32710
31 58 5202
27 82 20270
71 98 31880
29 4 825
25 80 14141
25 16 28011
27 34 15710
42 14 1895
82 74 14551
97 72 3415
6 35 16282
14 68 30180
48 42 31570
83 79 20404
86 23 9376
17 55 9245
48 55 258
85 37 29309
3 5 9746
18 61 2248
31 83 22230
52 76 6262
98 51 22920
13 11 16882
59 100 26221
41 74 18883
78 22 26842
3 28 8622
35 41 17454
33 62 12368
81 47 30152
17 43 9158
74 79 21350
96 73 31647
4 99 15578
48 52 15685
59 17 18285
69 29 23747
24 76 13628
48 36 24637
21 57 13862
94 23 19876
5 25 24904
21 90 3293
2 5 8541
74 23 10132
83 7 23221
72 59 12220
56 25 18335
19 73 5557
85 1 2847
49 4 24716
75 35 7893
18 16 23760
4 92 24630
28 34 9640
95 40 7205
88 68 29416
23 85 17997
36 88 23715
47 50 25982
22 92 29126
92 7 21443
24 18 20738
76 15 9807
28 49 29671
47 43 24384
64 83 12644
58 2 13427
19 25 23623
1 26 942
45 49 20077
32 75 32679
13 55 21318
61 17 29768
42 67 15424
65 68 23031
73 57 9227
44 94 5047
21 49 21302
85 29 20742
10 1 26699
97 35 19827
97 33 8395
50 9 14398
53 32 31237
14 48 21249
72 74 30661
74 78 29486
29 64 180
92 10 23943
61 97 32381
100 93 29351
82 92 22843
43 67 21978
84 98 6097
8 34 14360
34 47 13775
95 61 13042
71 49 28733
47 18 990
69 82 25049
75 26 10927
65 70 15253
24 31 12096
67 42 14579
43 30 31015
16 44 1635
62 27 32031
17 41 9390
71 99 7995
100 27 5076
5 42 26097
19 84 26757
77 11 28744
31 78 22124
13 72 14932
91 35 23863
19 79 20011
85 70 14846
82 93 32017
54 33 26385
72 9 8009
74 76 5059
100 60 461
38 82 31407
56 39 24540
13 56 18898
73 18 16506
83 29 12254
68 49 12106
57 1 9666
94 86 11563
30 17 18171
65 26 11880
37 42 21914
75 14 744
24 74 12239
50 70 14480
94 56 9774
68 48 12453
20 96 4049
40 90 701
55 97 4252
97 36 13862
91 86 7279
72 35 31355
91 23 7573
49 3 29462
47 29 24865
22 10 28402
9 66 3848
42 2 22928
92 85 32057
60 12 25973
10 72 31268
57 94 1581
90 14 1210
71 58 26956
38 92 183
97 65 18224
100 19 3141
4 46 4258
66 74 398
29 42 5272
30 10 24741
65 50 7347
7 94 8473
54 54 31852
40 76 6388
2 95 21114
84 35 1749
29 27 11710
61 84 23366
16 96 19036
43 76 31528
18 50 6364
41 15 18296
28 25 17772
83 50 16463
65 44 32212
17 97 14813
91 32 9228
13 31 7269
71 52 18153
37 52 21722
94 44 20736
83 70 7925
1 31 27179
70 36 955
97 79 949
27 26 13701
66 80 24442
71 25 22878
61 30 4467
84 9 32106
12 88 24699
12 33 26957
74 73 11060
82 31 15941
44 46 14888
49 89 23587
7 26 1510
62 19 31013
89 75 9744
38 94 23363
15 40 25568
10 62 32422
63 66 16256
53 6 24738
49 9 26406
62 100 1513
92 99 4571
73 67 17550
5 55 28682
79 5 2592
7 63 19032
90 55 2018
40 82 26976
64 55 23510
22 8 6443
17 50 23084
87 5 31243
20 18 32657
53 65 21923
58 56 15185
61 52 20465
26 26 10680
68 56 32558
35 18 13301
87 17 30724
89 33 17047
75 62 29424
19 76 19735
68 7 16056
34 84 7227
75 90 247
24 47 5915
18 92 7839
47 94 18487
82 46 17623
9 56 23759
98 39 10215
68 41 24329
82 85 30768
52 18 8708
88 57 4208
28 69 16623
35 9 23884
26 75 20773
54 92 29163
65 65 23860
28 79 26993
83 63 28241
64 56 19334
39 37 5720
90 10 3876
42 79 5657
63 95 21058
93 53 2040
47 55 2233
100 73 1579
97 62 32103
52 67 18598
43 93 24159
6 1 29901
48 58 27938
78 50 8393
70 65 17363
66 69 17698
30 1 10504
49 2 30739
27 83 9087
82 5 13918
99 38 19967
98 87 31056
58 80 5816
60 48 16463
54 3 12009
81 81 23977
2 58 30694
78 23 27698
87 41 32673
82 57 2712
88 16 32237
88 60 8295
83 44 15523
1 11 18130
75 37 15579
65 54 15693
37 4 3483
8 44 5736
22 35 13993
13 88 25421
96 85 4824
2 77 16386
94 62 1633
9 22 31365
82 41 8725
28 2 16130
45 21 22982
26 45 31663
10 3 7050
44 93 4147
17 34 16965
24 20 14682
23 89 32214
63 82 20277
39 28 31872
38 71 5773
61 61 21814
39 70 21368
54 78 14302
86 92 28912
76 64 1903
100 99 3281
72 44 3001
83 73 12794
1 82 66
30 92 10954
76 34 27117
55 72 8477
41 72 10880
72 54 786
30 75 1698
84 92 19904
15 73 14270
33 98 25552
83 51 13805
11 50 30067
24 4 7470
78 5 17445
75 29 618
73 90 28592
23 32 30984
99 36 30281
87 84 11372
5 44 17382
34 22 8967
38 90 22008
62 56 26042
15 95 17578
90 45 3334
89 59 31054
1 16 16124
9 76 6887
28 40 9766
53 8 12742
52 79 29216
25 40 19304
62 5 26067
61 21 18698
60 84 19786
3 90 27349
3 65 29017
49 22 22924
53 77 16017
21 17 21937
96 40 21275
3 13 30512
89 96 16099
69 30 31707
3 29 1296
96 11 17406
37 29 23104
55 96 14998
4 8 23629
80 38 20364
9 29 5967
11 76 15094
71 79 24147
60 69 25256
15 84 22979
78 84 22217
79 27 26897
69 4 12830
5 89 12270
52 35 28407
32 27 5054
86 31 1022
81 71 24819
51 18 17324
10 24 27320
2 37 23627
26 16 32527
87 30 23300
76 65 19287
87 91 16559
43 87 5424
32 85 3215
38 63 30111
23 78 15198
70 7 30165
89 4 23616
86 70 28709
27 33 6776
8 93 3891
29 76 27410
31 36 12007
65 6 15419
23 83 25385
80 25 32083
46 74 21229
72 42 7276
9 52 15185
66 41 28932
100 81 22722
83 78 27659
8 24 38
25 56 5235
3 98 23291
51 6 32278
80 82 23742
55 42 18237
84 43 8560
29 24 17310
37 73 25218
44 17 2187
95 14 26048
52 49 31482
81 50 4549
45 96 14492
69 13 9239
38 53 20377
2 54 12094
73 72 11415
59 69 24795
11 91 4255
19 63 31229
87 39 29180
52 58 30503
14 8 28272
87 68 27727
95 42 28553
89 7 32126
4 4 10438
87 71 28532
47 28 24231
66 71 4372
33 96 9965
57 74 26812
32 58 25357
74 64 10154
2 49 7781
35 11 14687
94 6 18043
18 9 15825
46 81 1117
90 22 13250
17 45 21938
93 21 7741
9 71 14263
34 68 3294
73 30 15248
16 92 32681
66 10 561
16 36 1678
83 67 13789
69 74 21705
50 96 32657
80 32 7656
2 64 20863
81 60 22812
57 88 10977
39 78 17752
47 99 8819
20 4 31586
76 67 27259
98 25 12049
4 17 11659
59 78 29806
21 13 23192
2 61 23791
51 78 10220
45 35 28334
40 71 18198
44 53 4935
17 57 31449
65 37 19053
61 24 28931
45 25 4530
53 33 20729
92 1 8836
7 56 29396
94 93 13109
74 10 16773
26 88 14892
43 89 28715
45 13 29707
34 9 27060
55 27 11058
5 66 25060
84 50 18513
35 98 29045
84 25 29386
26 94 30313
73 43 21523
80 85 25946
46 25 20895
25 17 19654
5 21 17709
42 20 27084
77 86 12221
66 54 9116
44 85 19758
72 37 1520
73 32 1280
18 52 21755
73 41 24494
43 94 17746
60 64 27758
23 21 5705
73 99 18784
54 73 29324
46 42 14098
52 62 16743
84 63 13489
97 86 18145
24 93 17573
67 9 5020
91 80 30713
40 56 3480
6 99 23057
21 26 26459
57 40 8562
29 11 8236
20 54 22014
100 12 12878
3 33 22055
24 49 8560
95 27 32302
66 2 29170
11 34 31210
28 86 3796
36 30 5916
48 75 27585
64 27 2544
49 98 7453
58 50 19812
24 11 13208
77 72 2232
90 77 6446
41 9 7348
51 24 7766
22 54 13222
44 81 111
77 73 18994
70 72 15382
85 91 7155
29 18 20569
14 99 13637
92 42 22565
54 57 11414
30 39 22131
91 77 26556
8 76 3377
27 76 28460
78 42 10984
10 18 27222
35 89 4676
79 40 2921
40 86 21243
88 59 3064
16 72 1577
39 34 28260
49 15 13152
65 47 15700
78 69 28029
21 52 6536
42 25 14200
98 15 20300
29 98 30149
95 9 23808
27 90 9110
82 97 2065
74 4 30195
34 8 2768
39 16 7248
74 87 7059
56 65 21567
93 81 20418
96 41 11715
30 85 5966
50 98 29354
64 67 20606
87 55 4932
95 70 1086
44 99 22127
61 96 32082
62 38 6634
99 53 4230
84 52 31357
5 7 20464
64 81 1617
72 4 17965
2 31 962
22 72 1819
27 45 10040
76 41 8035
68 27 22128
93 65 27695
96 59 25999
58 68 8024
37 66 21578
53 7 8151
63 78 2083
81 67 17938
36 15 6080
12 43 27906
68 46 23614
58 20 18377
9 49 22913
89 16 26438
34 6 16948
51 23 7352
11 10 19692
45 74 5638
85 35 4775
2 67 14411
42 6 27124
17 67 9124
87 81 1186
6 68 935
55 19 5958
74 50 28651
43 19 30366
11 23 12244
75 9 18043
100 97 1645
77 96 28173
78 51 1153
83 6 22565
13 40 11405
36 43 10968
85 54 5398
42 52 12873
45 54 7816
19 23 31247
20 25 19041
6 33 430
43 84 11638
62 76 3582
88 62 9544
88 49 7655
88 10 17408
32 43 22597
45 61 5346
30 40 7010
22 69 769
47 17 20289
58 90 4835
60 94 16364
59 25 20987
27 30 22358
13 8 31336
16 83 21227
14 88 19832
94 98 10900
91 4 18535
42 41 6189
39 88 28572
67 13 31889
75 49 32053
6 50 29218
16 68 15190
12 7 31455
96 8 838
84 58 27964
3 97 91
17 100 23169
40 46 28485
5 62 17728
65 61 28391
7 52 21551
79 49 18021
1 40 4641
58 57 12235
19 19 16787
74 2 19105
12 74 20998
50 38 13896
21 8 32169
34 17 6194
8 51 28076
79 87 28730
65 8 12287
34 69 27574
52 94 5335
62 22 3570
53 29 28169
57 45 14156
69 54 8250
42 34 10030
28 80 30658
82 37 8403
75 51 10991
20 75 17687
18 90 20073
64 78 24948
4 93 27626
23 71 29174
62 67 25009
35 100 16335
55 61 32107
52 29 26475
90 61 21894
74 20 12055
11 47 27400
26 99 7567
57 39 6694
4 36 8590
85 65 19253
38 32 15600
50 47 11326
23 57 6101
59 52 18704
15 35 26759
96 95 31974
87 73 21245
20 67 12071
68 25 21406
22 80 28775
79 35 4898
17 71 27428
73 36 31288
4 38 13580
22 74 1214
81 12 5489
22 32 14522
33 87 17263
24 85 30392
95 73 27771
71 15 13787
93 2 3536
42 29 486
83 80 10633
65 88 17387
11 2 3714
25 59 2092
42 37 11887
21 29 3434
86 33 29204
28 22 4914
71 65 9771
81 20 17103
41 47 913
11 8 9219
73 85 10335
34 43 14650
39 98 12787
98 56 24680
9 2 15577
41 68 18142
73 96 24732
65 76 10979
88 63 20626
27 86 31925
84 94 29083
32 86 25616
81 6 29790
79 2 20813
100 43 3490
75 84 19912
7 97 3215
79 51 30089
72 49 6565
27 49 5508
2 89 9400
91 51 26923
70 91 5714
86 90 29531
42 53 10761
44 43 22452
71 13 12965
84 2 14945
96 24 23397
10 70 9175
66 57 32207
77 65 22532
75 92 10684
44 65 15964
27 89 19243
35 15 17703
78 46 19994
36 41 19802
79 68 18690
50 3 13649
59 13 19595
61 91 6563
13 60 31114
83 91 24991
77 95 26782
93 47 1065
61 13 11156
76 84 17477
66 40 3108
50 19 24108
48 32 11363
94 19 27869
63 37 10348
78 91 3925
2 34 12581
59 70 10497
74 81 22197
24 35 26052
15 23 12435
3 55 8829
82 90 26986
37 93 24692
50 93 26925
86 17 14986
56 89 16045
81 2 15872
85 33 26213
72 84 21282
26 84 32045
53 21 10598
29 39 9548
64 44 7815
97 60 9458
1 84 8035
2 100 30844
22 43 25047
86 67 3317
17 35 4454
12 22 21281
30 36 4201
6 75 12404
95 24 1481
79 10 8332
96 47 18791
100 7 10727
36 95 7632
3 95 13234
71 57 3681
61 33 16489
31 85 15469
42 70 23534
48 21 20456
2 11 29570
87 33 31569
8 13 14529
17 22 12587
20 95 3275
82 36 4747
83 66 675
57 77 12981
99 37 18713
15 38 18552
68 33 25707
14 17 31109
12 91 21680
98 76 31186
28 59 17375
17 46 14867
61 55 5740
19 54 26797
76 54 32605
41 28 32004
20 70 28477
70 22 3521
74 96 14250
31 67 10084
79 62 5412
96 19 20362
5 84 18412
11 80 15833
43 86 8325
80 40 26234
45 27 2483
47 61 13704
84 77 10770
79 24 26837
4 77 1121
18 5 25344
22 34 22924
66 60 19334
57 47 32536
96 68 6775
42 56 19635
56 17 5509
51 80 19474
48 66 29583
17 53 9966
99 34 24378
34 34 8843
14 86 26064
97 40 32111
88 82 27394
13 38 23394
30 43 17711
7 83 21457
37 90 21813
95 56 9273
80 61 388
52 9 3360
85 8 24790
37 43 26254
4 35 1740
54 81 16391
28 16 29787
50 92 29525
75 54 17159
27 31 13488
60 46 21937
9 96 24613
62 72 23265
69 76 9169
54 17 15422
3 30 6958
23 66 27173
55 57 24454
100 47 19024
76 89 12297
4 45 29518
77 5 14096
75 19 31522
83 62 24653
4 89 26445
43 90 23708
83 92 28590
86 84 3077
100 72 32571
19 97 27249
22 97 22255
62 77 5049
33 30 27774
71 86 16571
79 71 20356
96 15 24136
61 100 18827
27 48 674
82 66 26877
6 24 3378
41 86 2434
94 90 23867
95 38 9766
56 75 4980
25 32 13777
14 77 13812
54 43 31633
34 60 23328
49 11 26989
30 13 17374
61 43 22432
59 61 18018
39 51 31438
27 75 5226
91 99 6902
32 6 24670
24 77 27326
27 92 8529
91 65 23673
60 76 30819
77 90 17495
93 88 2047
45 72 21219
89 46 27139
61 16 30510
71 23 18817
80 41 5684
74 18 25902
37 91 28955
35 70 18864
60 86 31232
96 30 13343
41 46 18758
22 9 27887
26 67 27055
70 39 28713
26 74 9860
47 78 8216
75 3 29959
15 17 20008
25 86 27958
7 59 23262
82 77 30873
86 96 6095
32 70 15714
51 12 18529
85 24 2116
4 39 5752
31 87 16325
76 56 6149
79 34 20059
31 54 26994
26 55 27924
69 64 20837
